ID	PositionX	PositionY	PositionZ	VelocityX	VelocityY	VelocityZ	MaterialType	ContactGroup	SurfaceFlag	RVectorXX	RVectorXY	RVectorXZ	RVectorYX	RVectorYY	RVectorYZ	RVectorZX	RVectorZY	RVectorZZ
1 -0.29000000000000004	-0.07	0.0	-120.0	-120.0	0.0	0	0	2	0.01	0	0	0	0.01	0	0	0	0.021739130434782608
2 -0.29000000000000004	-0.04999999999999999	0.0	-120.0	-120.0	0.0	0	0	2	0.01	0	0	0	0.01	0	0	0	0.021739130434782608
3 -0.29000000000000004	-0.02999999999999997	0.0	-120.0	-120.0	0.0	0	0	2	0.01	0	0	0	0.01	0	0	0	0.021739130434782608
4 -0.29000000000000004	-0.01000000000000001	0.0	-120.0	-120.0	0.0	0	0	2	0.01	0	0	0	0.01	0	0	0	0.021739130434782608
5 -0.29000000000000004	0.010000000000000009	0.0	-120.0	-120.0	0.0	0	0	2	0.01	0	0	0	0.01	0	0	0	0.021739130434782608
6 -0.29000000000000004	0.030000000000000027	0.0	-120.0	-120.0	0.0	0	0	2	0.01	0	0	0	0.01	0	0	0	0.021739130434782608
7 -0.29000000000000004	0.050000000000000044	0.0	-120.0	-120.0	0.0	0	0	2	0.01	0	0	0	0.01	0	0	0	0.021739130434782608
8 -0.29000000000000004	0.07000000000000006	0.0	-120.0	-120.0	0.0	0	0	2	0.01	0	0	0	0.01	0	0	0	0.021739130434782608
9 -0.27	-0.13	0.0	-120.0	-120.0	0.0	0	0	2	0.01	0	0	0	0.01	0	0	0	0.021739130434782608
10 -0.27	-0.10999999999999999	0.0	-120.0	-120.0	0.0	0	0	2	0.01	0	0	0	0.01	0	0	0	0.021739130434782608
11 -0.27	-0.08999999999999997	0.0	-120.0	-120.0	0.0	0	0	2	0.01	0	0	0	0.01	0	0	0	0.021739130434782608
12 -0.27	-0.07	0.0	-120.0	-120.0	0.0	0	0	2	0.01	0	0	0	0.01	0	0	0	0.021739130434782608
13 -0.27	-0.04999999999999999	0.0	-120.0	-120.0	0.0	0	0	2	0.01	0	0	0	0.01	0	0	0	0.021739130434782608
14 -0.27	-0.02999999999999997	0.0	-120.0	-120.0	0.0	0	0	2	0.01	0	0	0	0.01	0	0	0	0.021739130434782608
15 -0.27	-0.01000000000000001	0.0	-120.0	-120.0	0.0	0	0	2	0.01	0	0	0	0.01	0	0	0	0.021739130434782608
16 -0.27	0.010000000000000009	0.0	-120.0	-120.0	0.0	0	0	2	0.01	0	0	0	0.01	0	0	0	0.021739130434782608
17 -0.27	0.030000000000000027	0.0	-120.0	-120.0	0.0	0	0	2	0.01	0	0	0	0.01	0	0	0	0.021739130434782608
18 -0.27	0.050000000000000044	0.0	-120.0	-120.0	0.0	0	0	2	0.01	0	0	0	0.01	0	0	0	0.021739130434782608
19 -0.27	0.07000000000000006	0.0	-120.0	-120.0	0.0	0	0	2	0.01	0	0	0	0.01	0	0	0	0.021739130434782608
20 -0.27	0.08999999999999997	0.0	-120.0	-120.0	0.0	0	0	2	0.01	0	0	0	0.01	0	0	0	0.021739130434782608
21 -0.27	0.10999999999999999	0.0	-120.0	-120.0	0.0	0	0	2	0.01	0	0	0	0.01	0	0	0	0.021739130434782608
22 -0.27	0.13	0.0	-120.0	-120.0	0.0	0	0	2	0.01	0	0	0	0.01	0	0	0	0.021739130434782608
23 -0.25	-0.14999999999999997	0.0	-120.0	-120.0	0.0	0	0	2	0.01	0	0	0	0.01	0	0	0	0.021739130434782608
24 -0.25	-0.13	0.0	-120.0	-120.0	0.0	0	0	2	0.01	0	0	0	0.01	0	0	0	0.021739130434782608
25 -0.25	-0.10999999999999999	0.0	-120.0	-120.0	0.0	0	0	2	0.01	0	0	0	0.01	0	0	0	0.021739130434782608
26 -0.25	-0.08999999999999997	0.0	-120.0	-120.0	0.0	0	0	2	0.01	0	0	0	0.01	0	0	0	0.021739130434782608
27 -0.25	-0.07	0.0	-120.0	-120.0	0.0	0	0	2	0.01	0	0	0	0.01	0	0	0	0.021739130434782608
28 -0.25	-0.04999999999999999	0.0	-120.0	-120.0	0.0	0	0	2	0.01	0	0	0	0.01	0	0	0	0.021739130434782608
29 -0.25	-0.02999999999999997	0.0	-120.0	-120.0	0.0	0	0	2	0.01	0	0	0	0.01	0	0	0	0.021739130434782608
30 -0.25	-0.01000000000000001	0.0	-120.0	-120.0	0.0	0	0	2	0.01	0	0	0	0.01	0	0	0	0.021739130434782608
31 -0.25	0.010000000000000009	0.0	-120.0	-120.0	0.0	0	0	2	0.01	0	0	0	0.01	0	0	0	0.021739130434782608
32 -0.25	0.030000000000000027	0.0	-120.0	-120.0	0.0	0	0	2	0.01	0	0	0	0.01	0	0	0	0.021739130434782608
33 -0.25	0.050000000000000044	0.0	-120.0	-120.0	0.0	0	0	2	0.01	0	0	0	0.01	0	0	0	0.021739130434782608
34 -0.25	0.07000000000000006	0.0	-120.0	-120.0	0.0	0	0	2	0.01	0	0	0	0.01	0	0	0	0.021739130434782608
35 -0.25	0.08999999999999997	0.0	-120.0	-120.0	0.0	0	0	2	0.01	0	0	0	0.01	0	0	0	0.021739130434782608
36 -0.25	0.10999999999999999	0.0	-120.0	-120.0	0.0	0	0	2	0.01	0	0	0	0.01	0	0	0	0.021739130434782608
37 -0.25	0.13	0.0	-120.0	-120.0	0.0	0	0	2	0.01	0	0	0	0.01	0	0	0	0.021739130434782608
38 -0.25	0.15000000000000002	0.0	-120.0	-120.0	0.0	0	0	2	0.01	0	0	0	0.01	0	0	0	0.021739130434782608
39 -0.22999999999999998	-0.19	0.0	-120.0	-120.0	0.0	0	0	2	0.01	0	0	0	0.01	0	0	0	0.021739130434782608
40 -0.22999999999999998	-0.16999999999999998	0.0	-120.0	-120.0	0.0	0	0	2	0.01	0	0	0	0.01	0	0	0	0.021739130434782608
41 -0.22999999999999998	-0.14999999999999997	0.0	-120.0	-120.0	0.0	0	0	2	0.01	0	0	0	0.01	0	0	0	0.021739130434782608
42 -0.22999999999999998	-0.13	0.0	-120.0	-120.0	0.0	0	0	2	0.01	0	0	0	0.01	0	0	0	0.021739130434782608
43 -0.22999999999999998	-0.10999999999999999	0.0	-120.0	-120.0	0.0	0	0	2	0.01	0	0	0	0.01	0	0	0	0.021739130434782608
44 -0.22999999999999998	-0.08999999999999997	0.0	-120.0	-120.0	0.0	0	0	2	0.01	0	0	0	0.01	0	0	0	0.021739130434782608
45 -0.22999999999999998	-0.07	0.0	-120.0	-120.0	0.0	0	0	2	0.01	0	0	0	0.01	0	0	0	0.021739130434782608
46 -0.22999999999999998	-0.04999999999999999	0.0	-120.0	-120.0	0.0	0	0	2	0.01	0	0	0	0.01	0	0	0	0.021739130434782608
47 -0.22999999999999998	-0.02999999999999997	0.0	-120.0	-120.0	0.0	0	0	2	0.01	0	0	0	0.01	0	0	0	0.021739130434782608
48 -0.22999999999999998	-0.01000000000000001	0.0	-120.0	-120.0	0.0	0	0	2	0.01	0	0	0	0.01	0	0	0	0.021739130434782608
49 -0.22999999999999998	0.010000000000000009	0.0	-120.0	-120.0	0.0	0	0	2	0.01	0	0	0	0.01	0	0	0	0.021739130434782608
50 -0.22999999999999998	0.030000000000000027	0.0	-120.0	-120.0	0.0	0	0	2	0.01	0	0	0	0.01	0	0	0	0.021739130434782608
51 -0.22999999999999998	0.050000000000000044	0.0	-120.0	-120.0	0.0	0	0	2	0.01	0	0	0	0.01	0	0	0	0.021739130434782608
52 -0.22999999999999998	0.07000000000000006	0.0	-120.0	-120.0	0.0	0	0	2	0.01	0	0	0	0.01	0	0	0	0.021739130434782608
53 -0.22999999999999998	0.08999999999999997	0.0	-120.0	-120.0	0.0	0	0	2	0.01	0	0	0	0.01	0	0	0	0.021739130434782608
54 -0.22999999999999998	0.10999999999999999	0.0	-120.0	-120.0	0.0	0	0	2	0.01	0	0	0	0.01	0	0	0	0.021739130434782608
55 -0.22999999999999998	0.13	0.0	-120.0	-120.0	0.0	0	0	2	0.01	0	0	0	0.01	0	0	0	0.021739130434782608
56 -0.22999999999999998	0.15000000000000002	0.0	-120.0	-120.0	0.0	0	0	2	0.01	0	0	0	0.01	0	0	0	0.021739130434782608
57 -0.22999999999999998	0.17000000000000004	0.0	-120.0	-120.0	0.0	0	0	2	0.01	0	0	0	0.01	0	0	0	0.021739130434782608
58 -0.22999999999999998	0.19000000000000006	0.0	-120.0	-120.0	0.0	0	0	2	0.01	0	0	0	0.01	0	0	0	0.021739130434782608
59 -0.21000000000000002	-0.21000000000000002	0.0	-120.0	-120.0	0.0	0	0	2	0.01	0	0	0	0.01	0	0	0	0.021739130434782608
60 -0.21000000000000002	-0.19	0.0	-120.0	-120.0	0.0	0	0	2	0.01	0	0	0	0.01	0	0	0	0.021739130434782608
61 -0.21000000000000002	-0.16999999999999998	0.0	-120.0	-120.0	0.0	0	0	2	0.01	0	0	0	0.01	0	0	0	0.021739130434782608
62 -0.21000000000000002	-0.14999999999999997	0.0	-120.0	-120.0	0.0	0	0	2	0.01	0	0	0	0.01	0	0	0	0.021739130434782608
63 -0.21000000000000002	-0.13	0.0	-120.0	-120.0	0.0	0	0	2	0.01	0	0	0	0.01	0	0	0	0.021739130434782608
64 -0.21000000000000002	-0.10999999999999999	0.0	-120.0	-120.0	0.0	0	0	2	0.01	0	0	0	0.01	0	0	0	0.021739130434782608
65 -0.21000000000000002	-0.08999999999999997	0.0	-120.0	-120.0	0.0	0	0	2	0.01	0	0	0	0.01	0	0	0	0.021739130434782608
66 -0.21000000000000002	-0.07	0.0	-120.0	-120.0	0.0	0	0	2	0.01	0	0	0	0.01	0	0	0	0.021739130434782608
67 -0.21000000000000002	-0.04999999999999999	0.0	-120.0	-120.0	0.0	0	0	2	0.01	0	0	0	0.01	0	0	0	0.021739130434782608
68 -0.21000000000000002	-0.02999999999999997	0.0	-120.0	-120.0	0.0	0	0	2	0.01	0	0	0	0.01	0	0	0	0.021739130434782608
69 -0.21000000000000002	-0.01000000000000001	0.0	-120.0	-120.0	0.0	0	0	2	0.01	0	0	0	0.01	0	0	0	0.021739130434782608
70 -0.21000000000000002	0.010000000000000009	0.0	-120.0	-120.0	0.0	0	0	2	0.01	0	0	0	0.01	0	0	0	0.021739130434782608
71 -0.21000000000000002	0.030000000000000027	0.0	-120.0	-120.0	0.0	0	0	2	0.01	0	0	0	0.01	0	0	0	0.021739130434782608
72 -0.21000000000000002	0.050000000000000044	0.0	-120.0	-120.0	0.0	0	0	2	0.01	0	0	0	0.01	0	0	0	0.021739130434782608
73 -0.21000000000000002	0.07000000000000006	0.0	-120.0	-120.0	0.0	0	0	2	0.01	0	0	0	0.01	0	0	0	0.021739130434782608
74 -0.21000000000000002	0.08999999999999997	0.0	-120.0	-120.0	0.0	0	0	2	0.01	0	0	0	0.01	0	0	0	0.021739130434782608
75 -0.21000000000000002	0.10999999999999999	0.0	-120.0	-120.0	0.0	0	0	2	0.01	0	0	0	0.01	0	0	0	0.021739130434782608
76 -0.21000000000000002	0.13	0.0	-120.0	-120.0	0.0	0	0	2	0.01	0	0	0	0.01	0	0	0	0.021739130434782608
77 -0.21000000000000002	0.15000000000000002	0.0	-120.0	-120.0	0.0	0	0	2	0.01	0	0	0	0.01	0	0	0	0.021739130434782608
78 -0.21000000000000002	0.17000000000000004	0.0	-120.0	-120.0	0.0	0	0	2	0.01	0	0	0	0.01	0	0	0	0.021739130434782608
79 -0.21000000000000002	0.19000000000000006	0.0	-120.0	-120.0	0.0	0	0	2	0.01	0	0	0	0.01	0	0	0	0.021739130434782608
80 -0.21000000000000002	0.20999999999999996	0.0	-120.0	-120.0	0.0	0	0	2	0.01	0	0	0	0.01	0	0	0	0.021739130434782608
81 -0.19	-0.22999999999999998	0.0	-120.0	-120.0	0.0	0	0	2	0.01	0	0	0	0.01	0	0	0	0.021739130434782608
82 -0.19	-0.21000000000000002	0.0	-120.0	-120.0	0.0	0	0	2	0.01	0	0	0	0.01	0	0	0	0.021739130434782608
83 -0.19	-0.19	0.0	-120.0	-120.0	0.0	0	0	2	0.01	0	0	0	0.01	0	0	0	0.021739130434782608
84 -0.19	-0.16999999999999998	0.0	-120.0	-120.0	0.0	0	0	2	0.01	0	0	0	0.01	0	0	0	0.021739130434782608
85 -0.19	-0.14999999999999997	0.0	-120.0	-120.0	0.0	0	0	2	0.01	0	0	0	0.01	0	0	0	0.021739130434782608
86 -0.19	-0.13	0.0	-120.0	-120.0	0.0	0	0	2	0.01	0	0	0	0.01	0	0	0	0.021739130434782608
87 -0.19	-0.10999999999999999	0.0	-120.0	-120.0	0.0	0	0	2	0.01	0	0	0	0.01	0	0	0	0.021739130434782608
88 -0.19	-0.08999999999999997	0.0	-120.0	-120.0	0.0	0	0	2	0.01	0	0	0	0.01	0	0	0	0.021739130434782608
89 -0.19	-0.07	0.0	-120.0	-120.0	0.0	0	0	2	0.01	0	0	0	0.01	0	0	0	0.021739130434782608
90 -0.19	-0.04999999999999999	0.0	-120.0	-120.0	0.0	0	0	2	0.01	0	0	0	0.01	0	0	0	0.021739130434782608
91 -0.19	-0.02999999999999997	0.0	-120.0	-120.0	0.0	0	0	2	0.01	0	0	0	0.01	0	0	0	0.021739130434782608
92 -0.19	-0.01000000000000001	0.0	-120.0	-120.0	0.0	0	0	2	0.01	0	0	0	0.01	0	0	0	0.021739130434782608
93 -0.19	0.010000000000000009	0.0	-120.0	-120.0	0.0	0	0	2	0.01	0	0	0	0.01	0	0	0	0.021739130434782608
94 -0.19	0.030000000000000027	0.0	-120.0	-120.0	0.0	0	0	2	0.01	0	0	0	0.01	0	0	0	0.021739130434782608
95 -0.19	0.050000000000000044	0.0	-120.0	-120.0	0.0	0	0	2	0.01	0	0	0	0.01	0	0	0	0.021739130434782608
96 -0.19	0.07000000000000006	0.0	-120.0	-120.0	0.0	0	0	2	0.01	0	0	0	0.01	0	0	0	0.021739130434782608
97 -0.19	0.08999999999999997	0.0	-120.0	-120.0	0.0	0	0	2	0.01	0	0	0	0.01	0	0	0	0.021739130434782608
98 -0.19	0.10999999999999999	0.0	-120.0	-120.0	0.0	0	0	2	0.01	0	0	0	0.01	0	0	0	0.021739130434782608
99 -0.19	0.13	0.0	-120.0	-120.0	0.0	0	0	2	0.01	0	0	0	0.01	0	0	0	0.021739130434782608
100 -0.19	0.15000000000000002	0.0	-120.0	-120.0	0.0	0	0	2	0.01	0	0	0	0.01	0	0	0	0.021739130434782608
101 -0.19	0.17000000000000004	0.0	-120.0	-120.0	0.0	0	0	2	0.01	0	0	0	0.01	0	0	0	0.021739130434782608
102 -0.19	0.19000000000000006	0.0	-120.0	-120.0	0.0	0	0	2	0.01	0	0	0	0.01	0	0	0	0.021739130434782608
103 -0.19	0.20999999999999996	0.0	-120.0	-120.0	0.0	0	0	2	0.01	0	0	0	0.01	0	0	0	0.021739130434782608
104 -0.19	0.22999999999999998	0.0	-120.0	-120.0	0.0	0	0	2	0.01	0	0	0	0.01	0	0	0	0.021739130434782608
105 -0.16999999999999998	-0.22999999999999998	0.0	-120.0	-120.0	0.0	0	0	2	0.01	0	0	0	0.01	0	0	0	0.021739130434782608
106 -0.16999999999999998	-0.21000000000000002	0.0	-120.0	-120.0	0.0	0	0	2	0.01	0	0	0	0.01	0	0	0	0.021739130434782608
107 -0.16999999999999998	-0.19	0.0	-120.0	-120.0	0.0	0	0	2	0.01	0	0	0	0.01	0	0	0	0.021739130434782608
108 -0.16999999999999998	-0.16999999999999998	0.0	-120.0	-120.0	0.0	0	0	2	0.01	0	0	0	0.01	0	0	0	0.021739130434782608
109 -0.16999999999999998	-0.14999999999999997	0.0	-120.0	-120.0	0.0	0	0	2	0.01	0	0	0	0.01	0	0	0	0.021739130434782608
110 -0.16999999999999998	-0.13	0.0	-120.0	-120.0	0.0	0	0	2	0.01	0	0	0	0.01	0	0	0	0.021739130434782608
111 -0.16999999999999998	-0.10999999999999999	0.0	-120.0	-120.0	0.0	0	0	2	0.01	0	0	0	0.01	0	0	0	0.021739130434782608
112 -0.16999999999999998	-0.08999999999999997	0.0	-120.0	-120.0	0.0	0	0	2	0.01	0	0	0	0.01	0	0	0	0.021739130434782608
113 -0.16999999999999998	-0.07	0.0	-120.0	-120.0	0.0	0	0	2	0.01	0	0	0	0.01	0	0	0	0.021739130434782608
114 -0.16999999999999998	-0.04999999999999999	0.0	-120.0	-120.0	0.0	0	0	2	0.01	0	0	0	0.01	0	0	0	0.021739130434782608
115 -0.16999999999999998	-0.02999999999999997	0.0	-120.0	-120.0	0.0	0	0	2	0.01	0	0	0	0.01	0	0	0	0.021739130434782608
116 -0.16999999999999998	-0.01000000000000001	0.0	-120.0	-120.0	0.0	0	0	2	0.01	0	0	0	0.01	0	0	0	0.021739130434782608
117 -0.16999999999999998	0.010000000000000009	0.0	-120.0	-120.0	0.0	0	0	2	0.01	0	0	0	0.01	0	0	0	0.021739130434782608
118 -0.16999999999999998	0.030000000000000027	0.0	-120.0	-120.0	0.0	0	0	2	0.01	0	0	0	0.01	0	0	0	0.021739130434782608
119 -0.16999999999999998	0.050000000000000044	0.0	-120.0	-120.0	0.0	0	0	2	0.01	0	0	0	0.01	0	0	0	0.021739130434782608
120 -0.16999999999999998	0.07000000000000006	0.0	-120.0	-120.0	0.0	0	0	2	0.01	0	0	0	0.01	0	0	0	0.021739130434782608
121 -0.16999999999999998	0.08999999999999997	0.0	-120.0	-120.0	0.0	0	0	2	0.01	0	0	0	0.01	0	0	0	0.021739130434782608
122 -0.16999999999999998	0.10999999999999999	0.0	-120.0	-120.0	0.0	0	0	2	0.01	0	0	0	0.01	0	0	0	0.021739130434782608
123 -0.16999999999999998	0.13	0.0	-120.0	-120.0	0.0	0	0	2	0.01	0	0	0	0.01	0	0	0	0.021739130434782608
124 -0.16999999999999998	0.15000000000000002	0.0	-120.0	-120.0	0.0	0	0	2	0.01	0	0	0	0.01	0	0	0	0.021739130434782608
125 -0.16999999999999998	0.17000000000000004	0.0	-120.0	-120.0	0.0	0	0	2	0.01	0	0	0	0.01	0	0	0	0.021739130434782608
126 -0.16999999999999998	0.19000000000000006	0.0	-120.0	-120.0	0.0	0	0	2	0.01	0	0	0	0.01	0	0	0	0.021739130434782608
127 -0.16999999999999998	0.20999999999999996	0.0	-120.0	-120.0	0.0	0	0	2	0.01	0	0	0	0.01	0	0	0	0.021739130434782608
128 -0.16999999999999998	0.22999999999999998	0.0	-120.0	-120.0	0.0	0	0	2	0.01	0	0	0	0.01	0	0	0	0.021739130434782608
129 -0.14999999999999997	-0.25	0.0	-120.0	-120.0	0.0	0	0	2	0.01	0	0	0	0.01	0	0	0	0.021739130434782608
130 -0.14999999999999997	-0.22999999999999998	0.0	-120.0	-120.0	0.0	0	0	2	0.01	0	0	0	0.01	0	0	0	0.021739130434782608
131 -0.14999999999999997	-0.21000000000000002	0.0	-120.0	-120.0	0.0	0	0	2	0.01	0	0	0	0.01	0	0	0	0.021739130434782608
132 -0.14999999999999997	-0.19	0.0	-120.0	-120.0	0.0	0	0	2	0.01	0	0	0	0.01	0	0	0	0.021739130434782608
133 -0.14999999999999997	-0.16999999999999998	0.0	-120.0	-120.0	0.0	0	0	2	0.01	0	0	0	0.01	0	0	0	0.021739130434782608
134 -0.14999999999999997	-0.14999999999999997	0.0	-120.0	-120.0	0.0	0	0	2	0.01	0	0	0	0.01	0	0	0	0.021739130434782608
135 -0.14999999999999997	-0.13	0.0	-120.0	-120.0	0.0	0	0	2	0.01	0	0	0	0.01	0	0	0	0.021739130434782608
136 -0.14999999999999997	-0.10999999999999999	0.0	-120.0	-120.0	0.0	0	0	2	0.01	0	0	0	0.01	0	0	0	0.021739130434782608
137 -0.14999999999999997	-0.08999999999999997	0.0	-120.0	-120.0	0.0	0	0	2	0.01	0	0	0	0.01	0	0	0	0.021739130434782608
138 -0.14999999999999997	-0.07	0.0	-120.0	-120.0	0.0	0	0	2	0.01	0	0	0	0.01	0	0	0	0.021739130434782608
139 -0.14999999999999997	-0.04999999999999999	0.0	-120.0	-120.0	0.0	0	0	2	0.01	0	0	0	0.01	0	0	0	0.021739130434782608
140 -0.14999999999999997	-0.02999999999999997	0.0	-120.0	-120.0	0.0	0	0	2	0.01	0	0	0	0.01	0	0	0	0.021739130434782608
141 -0.14999999999999997	-0.01000000000000001	0.0	-120.0	-120.0	0.0	0	0	2	0.01	0	0	0	0.01	0	0	0	0.021739130434782608
142 -0.14999999999999997	0.010000000000000009	0.0	-120.0	-120.0	0.0	0	0	2	0.01	0	0	0	0.01	0	0	0	0.021739130434782608
143 -0.14999999999999997	0.030000000000000027	0.0	-120.0	-120.0	0.0	0	0	2	0.01	0	0	0	0.01	0	0	0	0.021739130434782608
144 -0.14999999999999997	0.050000000000000044	0.0	-120.0	-120.0	0.0	0	0	2	0.01	0	0	0	0.01	0	0	0	0.021739130434782608
145 -0.14999999999999997	0.07000000000000006	0.0	-120.0	-120.0	0.0	0	0	2	0.01	0	0	0	0.01	0	0	0	0.021739130434782608
146 -0.14999999999999997	0.08999999999999997	0.0	-120.0	-120.0	0.0	0	0	2	0.01	0	0	0	0.01	0	0	0	0.021739130434782608
147 -0.14999999999999997	0.10999999999999999	0.0	-120.0	-120.0	0.0	0	0	2	0.01	0	0	0	0.01	0	0	0	0.021739130434782608
148 -0.14999999999999997	0.13	0.0	-120.0	-120.0	0.0	0	0	2	0.01	0	0	0	0.01	0	0	0	0.021739130434782608
149 -0.14999999999999997	0.15000000000000002	0.0	-120.0	-120.0	0.0	0	0	2	0.01	0	0	0	0.01	0	0	0	0.021739130434782608
150 -0.14999999999999997	0.17000000000000004	0.0	-120.0	-120.0	0.0	0	0	2	0.01	0	0	0	0.01	0	0	0	0.021739130434782608
151 -0.14999999999999997	0.19000000000000006	0.0	-120.0	-120.0	0.0	0	0	2	0.01	0	0	0	0.01	0	0	0	0.021739130434782608
152 -0.14999999999999997	0.20999999999999996	0.0	-120.0	-120.0	0.0	0	0	2	0.01	0	0	0	0.01	0	0	0	0.021739130434782608
153 -0.14999999999999997	0.22999999999999998	0.0	-120.0	-120.0	0.0	0	0	2	0.01	0	0	0	0.01	0	0	0	0.021739130434782608
154 -0.14999999999999997	0.25	0.0	-120.0	-120.0	0.0	0	0	2	0.01	0	0	0	0.01	0	0	0	0.021739130434782608
155 -0.13	-0.27	0.0	-120.0	-120.0	0.0	0	0	2	0.01	0	0	0	0.01	0	0	0	0.021739130434782608
156 -0.13	-0.25	0.0	-120.0	-120.0	0.0	0	0	2	0.01	0	0	0	0.01	0	0	0	0.021739130434782608
157 -0.13	-0.22999999999999998	0.0	-120.0	-120.0	0.0	0	0	2	0.01	0	0	0	0.01	0	0	0	0.021739130434782608
158 -0.13	-0.21000000000000002	0.0	-120.0	-120.0	0.0	0	0	2	0.01	0	0	0	0.01	0	0	0	0.021739130434782608
159 -0.13	-0.19	0.0	-120.0	-120.0	0.0	0	0	2	0.01	0	0	0	0.01	0	0	0	0.021739130434782608
160 -0.13	-0.16999999999999998	0.0	-120.0	-120.0	0.0	0	0	2	0.01	0	0	0	0.01	0	0	0	0.021739130434782608
161 -0.13	-0.14999999999999997	0.0	-120.0	-120.0	0.0	0	0	2	0.01	0	0	0	0.01	0	0	0	0.021739130434782608
162 -0.13	-0.13	0.0	-120.0	-120.0	0.0	0	0	2	0.01	0	0	0	0.01	0	0	0	0.021739130434782608
163 -0.13	-0.10999999999999999	0.0	-120.0	-120.0	0.0	0	0	2	0.01	0	0	0	0.01	0	0	0	0.021739130434782608
164 -0.13	-0.08999999999999997	0.0	-120.0	-120.0	0.0	0	0	2	0.01	0	0	0	0.01	0	0	0	0.021739130434782608
165 -0.13	-0.07	0.0	-120.0	-120.0	0.0	0	0	2	0.01	0	0	0	0.01	0	0	0	0.021739130434782608
166 -0.13	-0.04999999999999999	0.0	-120.0	-120.0	0.0	0	0	2	0.01	0	0	0	0.01	0	0	0	0.021739130434782608
167 -0.13	-0.02999999999999997	0.0	-120.0	-120.0	0.0	0	0	2	0.01	0	0	0	0.01	0	0	0	0.021739130434782608
168 -0.13	-0.01000000000000001	0.0	-120.0	-120.0	0.0	0	0	2	0.01	0	0	0	0.01	0	0	0	0.021739130434782608
169 -0.13	0.010000000000000009	0.0	-120.0	-120.0	0.0	0	0	2	0.01	0	0	0	0.01	0	0	0	0.021739130434782608
170 -0.13	0.030000000000000027	0.0	-120.0	-120.0	0.0	0	0	2	0.01	0	0	0	0.01	0	0	0	0.021739130434782608
171 -0.13	0.050000000000000044	0.0	-120.0	-120.0	0.0	0	0	2	0.01	0	0	0	0.01	0	0	0	0.021739130434782608
172 -0.13	0.07000000000000006	0.0	-120.0	-120.0	0.0	0	0	2	0.01	0	0	0	0.01	0	0	0	0.021739130434782608
173 -0.13	0.08999999999999997	0.0	-120.0	-120.0	0.0	0	0	2	0.01	0	0	0	0.01	0	0	0	0.021739130434782608
174 -0.13	0.10999999999999999	0.0	-120.0	-120.0	0.0	0	0	2	0.01	0	0	0	0.01	0	0	0	0.021739130434782608
175 -0.13	0.13	0.0	-120.0	-120.0	0.0	0	0	2	0.01	0	0	0	0.01	0	0	0	0.021739130434782608
176 -0.13	0.15000000000000002	0.0	-120.0	-120.0	0.0	0	0	2	0.01	0	0	0	0.01	0	0	0	0.021739130434782608
177 -0.13	0.17000000000000004	0.0	-120.0	-120.0	0.0	0	0	2	0.01	0	0	0	0.01	0	0	0	0.021739130434782608
178 -0.13	0.19000000000000006	0.0	-120.0	-120.0	0.0	0	0	2	0.01	0	0	0	0.01	0	0	0	0.021739130434782608
179 -0.13	0.20999999999999996	0.0	-120.0	-120.0	0.0	0	0	2	0.01	0	0	0	0.01	0	0	0	0.021739130434782608
180 -0.13	0.22999999999999998	0.0	-120.0	-120.0	0.0	0	0	2	0.01	0	0	0	0.01	0	0	0	0.021739130434782608
181 -0.13	0.25	0.0	-120.0	-120.0	0.0	0	0	2	0.01	0	0	0	0.01	0	0	0	0.021739130434782608
182 -0.13	0.27	0.0	-120.0	-120.0	0.0	0	0	2	0.01	0	0	0	0.01	0	0	0	0.021739130434782608
183 -0.10999999999999999	-0.27	0.0	-120.0	-120.0	0.0	0	0	2	0.01	0	0	0	0.01	0	0	0	0.021739130434782608
184 -0.10999999999999999	-0.25	0.0	-120.0	-120.0	0.0	0	0	2	0.01	0	0	0	0.01	0	0	0	0.021739130434782608
185 -0.10999999999999999	-0.22999999999999998	0.0	-120.0	-120.0	0.0	0	0	2	0.01	0	0	0	0.01	0	0	0	0.021739130434782608
186 -0.10999999999999999	-0.21000000000000002	0.0	-120.0	-120.0	0.0	0	0	2	0.01	0	0	0	0.01	0	0	0	0.021739130434782608
187 -0.10999999999999999	-0.19	0.0	-120.0	-120.0	0.0	0	0	2	0.01	0	0	0	0.01	0	0	0	0.021739130434782608
188 -0.10999999999999999	-0.16999999999999998	0.0	-120.0	-120.0	0.0	0	0	2	0.01	0	0	0	0.01	0	0	0	0.021739130434782608
189 -0.10999999999999999	-0.14999999999999997	0.0	-120.0	-120.0	0.0	0	0	2	0.01	0	0	0	0.01	0	0	0	0.021739130434782608
190 -0.10999999999999999	-0.13	0.0	-120.0	-120.0	0.0	0	0	2	0.01	0	0	0	0.01	0	0	0	0.021739130434782608
191 -0.10999999999999999	-0.10999999999999999	0.0	-120.0	-120.0	0.0	0	0	2	0.01	0	0	0	0.01	0	0	0	0.021739130434782608
192 -0.10999999999999999	-0.08999999999999997	0.0	-120.0	-120.0	0.0	0	0	2	0.01	0	0	0	0.01	0	0	0	0.021739130434782608
193 -0.10999999999999999	-0.07	0.0	-120.0	-120.0	0.0	0	0	2	0.01	0	0	0	0.01	0	0	0	0.021739130434782608
194 -0.10999999999999999	-0.04999999999999999	0.0	-120.0	-120.0	0.0	0	0	2	0.01	0	0	0	0.01	0	0	0	0.021739130434782608
195 -0.10999999999999999	-0.02999999999999997	0.0	-120.0	-120.0	0.0	0	0	2	0.01	0	0	0	0.01	0	0	0	0.021739130434782608
196 -0.10999999999999999	-0.01000000000000001	0.0	-120.0	-120.0	0.0	0	0	2	0.01	0	0	0	0.01	0	0	0	0.021739130434782608
197 -0.10999999999999999	0.010000000000000009	0.0	-120.0	-120.0	0.0	0	0	2	0.01	0	0	0	0.01	0	0	0	0.021739130434782608
198 -0.10999999999999999	0.030000000000000027	0.0	-120.0	-120.0	0.0	0	0	2	0.01	0	0	0	0.01	0	0	0	0.021739130434782608
199 -0.10999999999999999	0.050000000000000044	0.0	-120.0	-120.0	0.0	0	0	2	0.01	0	0	0	0.01	0	0	0	0.021739130434782608
200 -0.10999999999999999	0.07000000000000006	0.0	-120.0	-120.0	0.0	0	0	2	0.01	0	0	0	0.01	0	0	0	0.021739130434782608
201 -0.10999999999999999	0.08999999999999997	0.0	-120.0	-120.0	0.0	0	0	2	0.01	0	0	0	0.01	0	0	0	0.021739130434782608
202 -0.10999999999999999	0.10999999999999999	0.0	-120.0	-120.0	0.0	0	0	2	0.01	0	0	0	0.01	0	0	0	0.021739130434782608
203 -0.10999999999999999	0.13	0.0	-120.0	-120.0	0.0	0	0	2	0.01	0	0	0	0.01	0	0	0	0.021739130434782608
204 -0.10999999999999999	0.15000000000000002	0.0	-120.0	-120.0	0.0	0	0	2	0.01	0	0	0	0.01	0	0	0	0.021739130434782608
205 -0.10999999999999999	0.17000000000000004	0.0	-120.0	-120.0	0.0	0	0	2	0.01	0	0	0	0.01	0	0	0	0.021739130434782608
206 -0.10999999999999999	0.19000000000000006	0.0	-120.0	-120.0	0.0	0	0	2	0.01	0	0	0	0.01	0	0	0	0.021739130434782608
207 -0.10999999999999999	0.20999999999999996	0.0	-120.0	-120.0	0.0	0	0	2	0.01	0	0	0	0.01	0	0	0	0.021739130434782608
208 -0.10999999999999999	0.22999999999999998	0.0	-120.0	-120.0	0.0	0	0	2	0.01	0	0	0	0.01	0	0	0	0.021739130434782608
209 -0.10999999999999999	0.25	0.0	-120.0	-120.0	0.0	0	0	2	0.01	0	0	0	0.01	0	0	0	0.021739130434782608
210 -0.10999999999999999	0.27	0.0	-120.0	-120.0	0.0	0	0	2	0.01	0	0	0	0.01	0	0	0	0.021739130434782608
211 -0.08999999999999997	-0.27	0.0	-120.0	-120.0	0.0	0	0	2	0.01	0	0	0	0.01	0	0	0	0.021739130434782608
212 -0.08999999999999997	-0.25	0.0	-120.0	-120.0	0.0	0	0	2	0.01	0	0	0	0.01	0	0	0	0.021739130434782608
213 -0.08999999999999997	-0.22999999999999998	0.0	-120.0	-120.0	0.0	0	0	2	0.01	0	0	0	0.01	0	0	0	0.021739130434782608
214 -0.08999999999999997	-0.21000000000000002	0.0	-120.0	-120.0	0.0	0	0	2	0.01	0	0	0	0.01	0	0	0	0.021739130434782608
215 -0.08999999999999997	-0.19	0.0	-120.0	-120.0	0.0	0	0	2	0.01	0	0	0	0.01	0	0	0	0.021739130434782608
216 -0.08999999999999997	-0.16999999999999998	0.0	-120.0	-120.0	0.0	0	0	2	0.01	0	0	0	0.01	0	0	0	0.021739130434782608
217 -0.08999999999999997	-0.14999999999999997	0.0	-120.0	-120.0	0.0	0	0	2	0.01	0	0	0	0.01	0	0	0	0.021739130434782608
218 -0.08999999999999997	-0.13	0.0	-120.0	-120.0	0.0	0	0	2	0.01	0	0	0	0.01	0	0	0	0.021739130434782608
219 -0.08999999999999997	-0.10999999999999999	0.0	-120.0	-120.0	0.0	0	0	2	0.01	0	0	0	0.01	0	0	0	0.021739130434782608
220 -0.08999999999999997	-0.08999999999999997	0.0	-120.0	-120.0	0.0	0	0	2	0.01	0	0	0	0.01	0	0	0	0.021739130434782608
221 -0.08999999999999997	-0.07	0.0	-120.0	-120.0	0.0	0	0	2	0.01	0	0	0	0.01	0	0	0	0.021739130434782608
222 -0.08999999999999997	-0.04999999999999999	0.0	-120.0	-120.0	0.0	0	0	2	0.01	0	0	0	0.01	0	0	0	0.021739130434782608
223 -0.08999999999999997	-0.02999999999999997	0.0	-120.0	-120.0	0.0	0	0	2	0.01	0	0	0	0.01	0	0	0	0.021739130434782608
224 -0.08999999999999997	-0.01000000000000001	0.0	-120.0	-120.0	0.0	0	0	2	0.01	0	0	0	0.01	0	0	0	0.021739130434782608
225 -0.08999999999999997	0.010000000000000009	0.0	-120.0	-120.0	0.0	0	0	2	0.01	0	0	0	0.01	0	0	0	0.021739130434782608
226 -0.08999999999999997	0.030000000000000027	0.0	-120.0	-120.0	0.0	0	0	2	0.01	0	0	0	0.01	0	0	0	0.021739130434782608
227 -0.08999999999999997	0.050000000000000044	0.0	-120.0	-120.0	0.0	0	0	2	0.01	0	0	0	0.01	0	0	0	0.021739130434782608
228 -0.08999999999999997	0.07000000000000006	0.0	-120.0	-120.0	0.0	0	0	2	0.01	0	0	0	0.01	0	0	0	0.021739130434782608
229 -0.08999999999999997	0.08999999999999997	0.0	-120.0	-120.0	0.0	0	0	2	0.01	0	0	0	0.01	0	0	0	0.021739130434782608
230 -0.08999999999999997	0.10999999999999999	0.0	-120.0	-120.0	0.0	0	0	2	0.01	0	0	0	0.01	0	0	0	0.021739130434782608
231 -0.08999999999999997	0.13	0.0	-120.0	-120.0	0.0	0	0	2	0.01	0	0	0	0.01	0	0	0	0.021739130434782608
232 -0.08999999999999997	0.15000000000000002	0.0	-120.0	-120.0	0.0	0	0	2	0.01	0	0	0	0.01	0	0	0	0.021739130434782608
233 -0.08999999999999997	0.17000000000000004	0.0	-120.0	-120.0	0.0	0	0	2	0.01	0	0	0	0.01	0	0	0	0.021739130434782608
234 -0.08999999999999997	0.19000000000000006	0.0	-120.0	-120.0	0.0	0	0	2	0.01	0	0	0	0.01	0	0	0	0.021739130434782608
235 -0.08999999999999997	0.20999999999999996	0.0	-120.0	-120.0	0.0	0	0	2	0.01	0	0	0	0.01	0	0	0	0.021739130434782608
236 -0.08999999999999997	0.22999999999999998	0.0	-120.0	-120.0	0.0	0	0	2	0.01	0	0	0	0.01	0	0	0	0.021739130434782608
237 -0.08999999999999997	0.25	0.0	-120.0	-120.0	0.0	0	0	2	0.01	0	0	0	0.01	0	0	0	0.021739130434782608
238 -0.08999999999999997	0.27	0.0	-120.0	-120.0	0.0	0	0	2	0.01	0	0	0	0.01	0	0	0	0.021739130434782608
239 -0.07	-0.29000000000000004	0.0	-120.0	-120.0	0.0	0	0	2	0.01	0	0	0	0.01	0	0	0	0.021739130434782608
240 -0.07	-0.27	0.0	-120.0	-120.0	0.0	0	0	2	0.01	0	0	0	0.01	0	0	0	0.021739130434782608
241 -0.07	-0.25	0.0	-120.0	-120.0	0.0	0	0	2	0.01	0	0	0	0.01	0	0	0	0.021739130434782608
242 -0.07	-0.22999999999999998	0.0	-120.0	-120.0	0.0	0	0	2	0.01	0	0	0	0.01	0	0	0	0.021739130434782608
243 -0.07	-0.21000000000000002	0.0	-120.0	-120.0	0.0	0	0	2	0.01	0	0	0	0.01	0	0	0	0.021739130434782608
244 -0.07	-0.19	0.0	-120.0	-120.0	0.0	0	0	2	0.01	0	0	0	0.01	0	0	0	0.021739130434782608
245 -0.07	-0.16999999999999998	0.0	-120.0	-120.0	0.0	0	0	2	0.01	0	0	0	0.01	0	0	0	0.021739130434782608
246 -0.07	-0.14999999999999997	0.0	-120.0	-120.0	0.0	0	0	2	0.01	0	0	0	0.01	0	0	0	0.021739130434782608
247 -0.07	-0.13	0.0	-120.0	-120.0	0.0	0	0	2	0.01	0	0	0	0.01	0	0	0	0.021739130434782608
248 -0.07	-0.10999999999999999	0.0	-120.0	-120.0	0.0	0	0	2	0.01	0	0	0	0.01	0	0	0	0.021739130434782608
249 -0.07	-0.08999999999999997	0.0	-120.0	-120.0	0.0	0	0	2	0.01	0	0	0	0.01	0	0	0	0.021739130434782608
250 -0.07	-0.07	0.0	-120.0	-120.0	0.0	0	0	2	0.01	0	0	0	0.01	0	0	0	0.021739130434782608
251 -0.07	-0.04999999999999999	0.0	-120.0	-120.0	0.0	0	0	2	0.01	0	0	0	0.01	0	0	0	0.021739130434782608
252 -0.07	-0.02999999999999997	0.0	-120.0	-120.0	0.0	0	0	2	0.01	0	0	0	0.01	0	0	0	0.021739130434782608
253 -0.07	-0.01000000000000001	0.0	-120.0	-120.0	0.0	0	0	2	0.01	0	0	0	0.01	0	0	0	0.021739130434782608
254 -0.07	0.010000000000000009	0.0	-120.0	-120.0	0.0	0	0	2	0.01	0	0	0	0.01	0	0	0	0.021739130434782608
255 -0.07	0.030000000000000027	0.0	-120.0	-120.0	0.0	0	0	2	0.01	0	0	0	0.01	0	0	0	0.021739130434782608
256 -0.07	0.050000000000000044	0.0	-120.0	-120.0	0.0	0	0	2	0.01	0	0	0	0.01	0	0	0	0.021739130434782608
257 -0.07	0.07000000000000006	0.0	-120.0	-120.0	0.0	0	0	2	0.01	0	0	0	0.01	0	0	0	0.021739130434782608
258 -0.07	0.08999999999999997	0.0	-120.0	-120.0	0.0	0	0	2	0.01	0	0	0	0.01	0	0	0	0.021739130434782608
259 -0.07	0.10999999999999999	0.0	-120.0	-120.0	0.0	0	0	2	0.01	0	0	0	0.01	0	0	0	0.021739130434782608
260 -0.07	0.13	0.0	-120.0	-120.0	0.0	0	0	2	0.01	0	0	0	0.01	0	0	0	0.021739130434782608
261 -0.07	0.15000000000000002	0.0	-120.0	-120.0	0.0	0	0	2	0.01	0	0	0	0.01	0	0	0	0.021739130434782608
262 -0.07	0.17000000000000004	0.0	-120.0	-120.0	0.0	0	0	2	0.01	0	0	0	0.01	0	0	0	0.021739130434782608
263 -0.07	0.19000000000000006	0.0	-120.0	-120.0	0.0	0	0	2	0.01	0	0	0	0.01	0	0	0	0.021739130434782608
264 -0.07	0.20999999999999996	0.0	-120.0	-120.0	0.0	0	0	2	0.01	0	0	0	0.01	0	0	0	0.021739130434782608
265 -0.07	0.22999999999999998	0.0	-120.0	-120.0	0.0	0	0	2	0.01	0	0	0	0.01	0	0	0	0.021739130434782608
266 -0.07	0.25	0.0	-120.0	-120.0	0.0	0	0	2	0.01	0	0	0	0.01	0	0	0	0.021739130434782608
267 -0.07	0.27	0.0	-120.0	-120.0	0.0	0	0	2	0.01	0	0	0	0.01	0	0	0	0.021739130434782608
268 -0.07	0.29000000000000004	0.0	-120.0	-120.0	0.0	0	0	2	0.01	0	0	0	0.01	0	0	0	0.021739130434782608
269 -0.04999999999999999	-0.29000000000000004	0.0	-120.0	-120.0	0.0	0	0	2	0.01	0	0	0	0.01	0	0	0	0.021739130434782608
270 -0.04999999999999999	-0.27	0.0	-120.0	-120.0	0.0	0	0	2	0.01	0	0	0	0.01	0	0	0	0.021739130434782608
271 -0.04999999999999999	-0.25	0.0	-120.0	-120.0	0.0	0	0	2	0.01	0	0	0	0.01	0	0	0	0.021739130434782608
272 -0.04999999999999999	-0.22999999999999998	0.0	-120.0	-120.0	0.0	0	0	2	0.01	0	0	0	0.01	0	0	0	0.021739130434782608
273 -0.04999999999999999	-0.21000000000000002	0.0	-120.0	-120.0	0.0	0	0	2	0.01	0	0	0	0.01	0	0	0	0.021739130434782608
274 -0.04999999999999999	-0.19	0.0	-120.0	-120.0	0.0	0	0	2	0.01	0	0	0	0.01	0	0	0	0.021739130434782608
275 -0.04999999999999999	-0.16999999999999998	0.0	-120.0	-120.0	0.0	0	0	2	0.01	0	0	0	0.01	0	0	0	0.021739130434782608
276 -0.04999999999999999	-0.14999999999999997	0.0	-120.0	-120.0	0.0	0	0	2	0.01	0	0	0	0.01	0	0	0	0.021739130434782608
277 -0.04999999999999999	-0.13	0.0	-120.0	-120.0	0.0	0	0	2	0.01	0	0	0	0.01	0	0	0	0.021739130434782608
278 -0.04999999999999999	-0.10999999999999999	0.0	-120.0	-120.0	0.0	0	0	2	0.01	0	0	0	0.01	0	0	0	0.021739130434782608
279 -0.04999999999999999	-0.08999999999999997	0.0	-120.0	-120.0	0.0	0	0	2	0.01	0	0	0	0.01	0	0	0	0.021739130434782608
280 -0.04999999999999999	-0.07	0.0	-120.0	-120.0	0.0	0	0	2	0.01	0	0	0	0.01	0	0	0	0.021739130434782608
281 -0.04999999999999999	-0.04999999999999999	0.0	-120.0	-120.0	0.0	0	0	2	0.01	0	0	0	0.01	0	0	0	0.021739130434782608
282 -0.04999999999999999	-0.02999999999999997	0.0	-120.0	-120.0	0.0	0	0	2	0.01	0	0	0	0.01	0	0	0	0.021739130434782608
283 -0.04999999999999999	-0.01000000000000001	0.0	-120.0	-120.0	0.0	0	0	2	0.01	0	0	0	0.01	0	0	0	0.021739130434782608
284 -0.04999999999999999	0.010000000000000009	0.0	-120.0	-120.0	0.0	0	0	2	0.01	0	0	0	0.01	0	0	0	0.021739130434782608
285 -0.04999999999999999	0.030000000000000027	0.0	-120.0	-120.0	0.0	0	0	2	0.01	0	0	0	0.01	0	0	0	0.021739130434782608
286 -0.04999999999999999	0.050000000000000044	0.0	-120.0	-120.0	0.0	0	0	2	0.01	0	0	0	0.01	0	0	0	0.021739130434782608
287 -0.04999999999999999	0.07000000000000006	0.0	-120.0	-120.0	0.0	0	0	2	0.01	0	0	0	0.01	0	0	0	0.021739130434782608
288 -0.04999999999999999	0.08999999999999997	0.0	-120.0	-120.0	0.0	0	0	2	0.01	0	0	0	0.01	0	0	0	0.021739130434782608
289 -0.04999999999999999	0.10999999999999999	0.0	-120.0	-120.0	0.0	0	0	2	0.01	0	0	0	0.01	0	0	0	0.021739130434782608
290 -0.04999999999999999	0.13	0.0	-120.0	-120.0	0.0	0	0	2	0.01	0	0	0	0.01	0	0	0	0.021739130434782608
291 -0.04999999999999999	0.15000000000000002	0.0	-120.0	-120.0	0.0	0	0	2	0.01	0	0	0	0.01	0	0	0	0.021739130434782608
292 -0.04999999999999999	0.17000000000000004	0.0	-120.0	-120.0	0.0	0	0	2	0.01	0	0	0	0.01	0	0	0	0.021739130434782608
293 -0.04999999999999999	0.19000000000000006	0.0	-120.0	-120.0	0.0	0	0	2	0.01	0	0	0	0.01	0	0	0	0.021739130434782608
294 -0.04999999999999999	0.20999999999999996	0.0	-120.0	-120.0	0.0	0	0	2	0.01	0	0	0	0.01	0	0	0	0.021739130434782608
295 -0.04999999999999999	0.22999999999999998	0.0	-120.0	-120.0	0.0	0	0	2	0.01	0	0	0	0.01	0	0	0	0.021739130434782608
296 -0.04999999999999999	0.25	0.0	-120.0	-120.0	0.0	0	0	2	0.01	0	0	0	0.01	0	0	0	0.021739130434782608
297 -0.04999999999999999	0.27	0.0	-120.0	-120.0	0.0	0	0	2	0.01	0	0	0	0.01	0	0	0	0.021739130434782608
298 -0.04999999999999999	0.29000000000000004	0.0	-120.0	-120.0	0.0	0	0	2	0.01	0	0	0	0.01	0	0	0	0.021739130434782608
299 -0.02999999999999997	-0.29000000000000004	0.0	-120.0	-120.0	0.0	0	0	2	0.01	0	0	0	0.01	0	0	0	0.021739130434782608
300 -0.02999999999999997	-0.27	0.0	-120.0	-120.0	0.0	0	0	2	0.01	0	0	0	0.01	0	0	0	0.021739130434782608
301 -0.02999999999999997	-0.25	0.0	-120.0	-120.0	0.0	0	0	2	0.01	0	0	0	0.01	0	0	0	0.021739130434782608
302 -0.02999999999999997	-0.22999999999999998	0.0	-120.0	-120.0	0.0	0	0	2	0.01	0	0	0	0.01	0	0	0	0.021739130434782608
303 -0.02999999999999997	-0.21000000000000002	0.0	-120.0	-120.0	0.0	0	0	2	0.01	0	0	0	0.01	0	0	0	0.021739130434782608
304 -0.02999999999999997	-0.19	0.0	-120.0	-120.0	0.0	0	0	2	0.01	0	0	0	0.01	0	0	0	0.021739130434782608
305 -0.02999999999999997	-0.16999999999999998	0.0	-120.0	-120.0	0.0	0	0	2	0.01	0	0	0	0.01	0	0	0	0.021739130434782608
306 -0.02999999999999997	-0.14999999999999997	0.0	-120.0	-120.0	0.0	0	0	2	0.01	0	0	0	0.01	0	0	0	0.021739130434782608
307 -0.02999999999999997	-0.13	0.0	-120.0	-120.0	0.0	0	0	2	0.01	0	0	0	0.01	0	0	0	0.021739130434782608
308 -0.02999999999999997	-0.10999999999999999	0.0	-120.0	-120.0	0.0	0	0	2	0.01	0	0	0	0.01	0	0	0	0.021739130434782608
309 -0.02999999999999997	-0.08999999999999997	0.0	-120.0	-120.0	0.0	0	0	2	0.01	0	0	0	0.01	0	0	0	0.021739130434782608
310 -0.02999999999999997	-0.07	0.0	-120.0	-120.0	0.0	0	0	2	0.01	0	0	0	0.01	0	0	0	0.021739130434782608
311 -0.02999999999999997	-0.04999999999999999	0.0	-120.0	-120.0	0.0	0	0	2	0.01	0	0	0	0.01	0	0	0	0.021739130434782608
312 -0.02999999999999997	-0.02999999999999997	0.0	-120.0	-120.0	0.0	0	0	2	0.01	0	0	0	0.01	0	0	0	0.021739130434782608
313 -0.02999999999999997	-0.01000000000000001	0.0	-120.0	-120.0	0.0	0	0	2	0.01	0	0	0	0.01	0	0	0	0.021739130434782608
314 -0.02999999999999997	0.010000000000000009	0.0	-120.0	-120.0	0.0	0	0	2	0.01	0	0	0	0.01	0	0	0	0.021739130434782608
315 -0.02999999999999997	0.030000000000000027	0.0	-120.0	-120.0	0.0	0	0	2	0.01	0	0	0	0.01	0	0	0	0.021739130434782608
316 -0.02999999999999997	0.050000000000000044	0.0	-120.0	-120.0	0.0	0	0	2	0.01	0	0	0	0.01	0	0	0	0.021739130434782608
317 -0.02999999999999997	0.07000000000000006	0.0	-120.0	-120.0	0.0	0	0	2	0.01	0	0	0	0.01	0	0	0	0.021739130434782608
318 -0.02999999999999997	0.08999999999999997	0.0	-120.0	-120.0	0.0	0	0	2	0.01	0	0	0	0.01	0	0	0	0.021739130434782608
319 -0.02999999999999997	0.10999999999999999	0.0	-120.0	-120.0	0.0	0	0	2	0.01	0	0	0	0.01	0	0	0	0.021739130434782608
320 -0.02999999999999997	0.13	0.0	-120.0	-120.0	0.0	0	0	2	0.01	0	0	0	0.01	0	0	0	0.021739130434782608
321 -0.02999999999999997	0.15000000000000002	0.0	-120.0	-120.0	0.0	0	0	2	0.01	0	0	0	0.01	0	0	0	0.021739130434782608
322 -0.02999999999999997	0.17000000000000004	0.0	-120.0	-120.0	0.0	0	0	2	0.01	0	0	0	0.01	0	0	0	0.021739130434782608
323 -0.02999999999999997	0.19000000000000006	0.0	-120.0	-120.0	0.0	0	0	2	0.01	0	0	0	0.01	0	0	0	0.021739130434782608
324 -0.02999999999999997	0.20999999999999996	0.0	-120.0	-120.0	0.0	0	0	2	0.01	0	0	0	0.01	0	0	0	0.021739130434782608
325 -0.02999999999999997	0.22999999999999998	0.0	-120.0	-120.0	0.0	0	0	2	0.01	0	0	0	0.01	0	0	0	0.021739130434782608
326 -0.02999999999999997	0.25	0.0	-120.0	-120.0	0.0	0	0	2	0.01	0	0	0	0.01	0	0	0	0.021739130434782608
327 -0.02999999999999997	0.27	0.0	-120.0	-120.0	0.0	0	0	2	0.01	0	0	0	0.01	0	0	0	0.021739130434782608
328 -0.02999999999999997	0.29000000000000004	0.0	-120.0	-120.0	0.0	0	0	2	0.01	0	0	0	0.01	0	0	0	0.021739130434782608
329 -0.01000000000000001	-0.29000000000000004	0.0	-120.0	-120.0	0.0	0	0	2	0.01	0	0	0	0.01	0	0	0	0.021739130434782608
330 -0.01000000000000001	-0.27	0.0	-120.0	-120.0	0.0	0	0	2	0.01	0	0	0	0.01	0	0	0	0.021739130434782608
331 -0.01000000000000001	-0.25	0.0	-120.0	-120.0	0.0	0	0	2	0.01	0	0	0	0.01	0	0	0	0.021739130434782608
332 -0.01000000000000001	-0.22999999999999998	0.0	-120.0	-120.0	0.0	0	0	2	0.01	0	0	0	0.01	0	0	0	0.021739130434782608
333 -0.01000000000000001	-0.21000000000000002	0.0	-120.0	-120.0	0.0	0	0	2	0.01	0	0	0	0.01	0	0	0	0.021739130434782608
334 -0.01000000000000001	-0.19	0.0	-120.0	-120.0	0.0	0	0	2	0.01	0	0	0	0.01	0	0	0	0.021739130434782608
335 -0.01000000000000001	-0.16999999999999998	0.0	-120.0	-120.0	0.0	0	0	2	0.01	0	0	0	0.01	0	0	0	0.021739130434782608
336 -0.01000000000000001	-0.14999999999999997	0.0	-120.0	-120.0	0.0	0	0	2	0.01	0	0	0	0.01	0	0	0	0.021739130434782608
337 -0.01000000000000001	-0.13	0.0	-120.0	-120.0	0.0	0	0	2	0.01	0	0	0	0.01	0	0	0	0.021739130434782608
338 -0.01000000000000001	-0.10999999999999999	0.0	-120.0	-120.0	0.0	0	0	2	0.01	0	0	0	0.01	0	0	0	0.021739130434782608
339 -0.01000000000000001	-0.08999999999999997	0.0	-120.0	-120.0	0.0	0	0	2	0.01	0	0	0	0.01	0	0	0	0.021739130434782608
340 -0.01000000000000001	-0.07	0.0	-120.0	-120.0	0.0	0	0	2	0.01	0	0	0	0.01	0	0	0	0.021739130434782608
341 -0.01000000000000001	-0.04999999999999999	0.0	-120.0	-120.0	0.0	0	0	2	0.01	0	0	0	0.01	0	0	0	0.021739130434782608
342 -0.01000000000000001	-0.02999999999999997	0.0	-120.0	-120.0	0.0	0	0	2	0.01	0	0	0	0.01	0	0	0	0.021739130434782608
343 -0.01000000000000001	-0.01000000000000001	0.0	-120.0	-120.0	0.0	0	0	2	0.01	0	0	0	0.01	0	0	0	0.021739130434782608
344 -0.01000000000000001	0.010000000000000009	0.0	-120.0	-120.0	0.0	0	0	2	0.01	0	0	0	0.01	0	0	0	0.021739130434782608
345 -0.01000000000000001	0.030000000000000027	0.0	-120.0	-120.0	0.0	0	0	2	0.01	0	0	0	0.01	0	0	0	0.021739130434782608
346 -0.01000000000000001	0.050000000000000044	0.0	-120.0	-120.0	0.0	0	0	2	0.01	0	0	0	0.01	0	0	0	0.021739130434782608
347 -0.01000000000000001	0.07000000000000006	0.0	-120.0	-120.0	0.0	0	0	2	0.01	0	0	0	0.01	0	0	0	0.021739130434782608
348 -0.01000000000000001	0.08999999999999997	0.0	-120.0	-120.0	0.0	0	0	2	0.01	0	0	0	0.01	0	0	0	0.021739130434782608
349 -0.01000000000000001	0.10999999999999999	0.0	-120.0	-120.0	0.0	0	0	2	0.01	0	0	0	0.01	0	0	0	0.021739130434782608
350 -0.01000000000000001	0.13	0.0	-120.0	-120.0	0.0	0	0	2	0.01	0	0	0	0.01	0	0	0	0.021739130434782608
351 -0.01000000000000001	0.15000000000000002	0.0	-120.0	-120.0	0.0	0	0	2	0.01	0	0	0	0.01	0	0	0	0.021739130434782608
352 -0.01000000000000001	0.17000000000000004	0.0	-120.0	-120.0	0.0	0	0	2	0.01	0	0	0	0.01	0	0	0	0.021739130434782608
353 -0.01000000000000001	0.19000000000000006	0.0	-120.0	-120.0	0.0	0	0	2	0.01	0	0	0	0.01	0	0	0	0.021739130434782608
354 -0.01000000000000001	0.20999999999999996	0.0	-120.0	-120.0	0.0	0	0	2	0.01	0	0	0	0.01	0	0	0	0.021739130434782608
355 -0.01000000000000001	0.22999999999999998	0.0	-120.0	-120.0	0.0	0	0	2	0.01	0	0	0	0.01	0	0	0	0.021739130434782608
356 -0.01000000000000001	0.25	0.0	-120.0	-120.0	0.0	0	0	2	0.01	0	0	0	0.01	0	0	0	0.021739130434782608
357 -0.01000000000000001	0.27	0.0	-120.0	-120.0	0.0	0	0	2	0.01	0	0	0	0.01	0	0	0	0.021739130434782608
358 -0.01000000000000001	0.29000000000000004	0.0	-120.0	-120.0	0.0	0	0	2	0.01	0	0	0	0.01	0	0	0	0.021739130434782608
359 0.010000000000000009	-0.29000000000000004	0.0	-120.0	-120.0	0.0	0	0	2	0.01	0	0	0	0.01	0	0	0	0.021739130434782608
360 0.010000000000000009	-0.27	0.0	-120.0	-120.0	0.0	0	0	2	0.01	0	0	0	0.01	0	0	0	0.021739130434782608
361 0.010000000000000009	-0.25	0.0	-120.0	-120.0	0.0	0	0	2	0.01	0	0	0	0.01	0	0	0	0.021739130434782608
362 0.010000000000000009	-0.22999999999999998	0.0	-120.0	-120.0	0.0	0	0	2	0.01	0	0	0	0.01	0	0	0	0.021739130434782608
363 0.010000000000000009	-0.21000000000000002	0.0	-120.0	-120.0	0.0	0	0	2	0.01	0	0	0	0.01	0	0	0	0.021739130434782608
364 0.010000000000000009	-0.19	0.0	-120.0	-120.0	0.0	0	0	2	0.01	0	0	0	0.01	0	0	0	0.021739130434782608
365 0.010000000000000009	-0.16999999999999998	0.0	-120.0	-120.0	0.0	0	0	2	0.01	0	0	0	0.01	0	0	0	0.021739130434782608
366 0.010000000000000009	-0.14999999999999997	0.0	-120.0	-120.0	0.0	0	0	2	0.01	0	0	0	0.01	0	0	0	0.021739130434782608
367 0.010000000000000009	-0.13	0.0	-120.0	-120.0	0.0	0	0	2	0.01	0	0	0	0.01	0	0	0	0.021739130434782608
368 0.010000000000000009	-0.10999999999999999	0.0	-120.0	-120.0	0.0	0	0	2	0.01	0	0	0	0.01	0	0	0	0.021739130434782608
369 0.010000000000000009	-0.08999999999999997	0.0	-120.0	-120.0	0.0	0	0	2	0.01	0	0	0	0.01	0	0	0	0.021739130434782608
370 0.010000000000000009	-0.07	0.0	-120.0	-120.0	0.0	0	0	2	0.01	0	0	0	0.01	0	0	0	0.021739130434782608
371 0.010000000000000009	-0.04999999999999999	0.0	-120.0	-120.0	0.0	0	0	2	0.01	0	0	0	0.01	0	0	0	0.021739130434782608
372 0.010000000000000009	-0.02999999999999997	0.0	-120.0	-120.0	0.0	0	0	2	0.01	0	0	0	0.01	0	0	0	0.021739130434782608
373 0.010000000000000009	-0.01000000000000001	0.0	-120.0	-120.0	0.0	0	0	2	0.01	0	0	0	0.01	0	0	0	0.021739130434782608
374 0.010000000000000009	0.010000000000000009	0.0	-120.0	-120.0	0.0	0	0	2	0.01	0	0	0	0.01	0	0	0	0.021739130434782608
375 0.010000000000000009	0.030000000000000027	0.0	-120.0	-120.0	0.0	0	0	2	0.01	0	0	0	0.01	0	0	0	0.021739130434782608
376 0.010000000000000009	0.050000000000000044	0.0	-120.0	-120.0	0.0	0	0	2	0.01	0	0	0	0.01	0	0	0	0.021739130434782608
377 0.010000000000000009	0.07000000000000006	0.0	-120.0	-120.0	0.0	0	0	2	0.01	0	0	0	0.01	0	0	0	0.021739130434782608
378 0.010000000000000009	0.08999999999999997	0.0	-120.0	-120.0	0.0	0	0	2	0.01	0	0	0	0.01	0	0	0	0.021739130434782608
379 0.010000000000000009	0.10999999999999999	0.0	-120.0	-120.0	0.0	0	0	2	0.01	0	0	0	0.01	0	0	0	0.021739130434782608
380 0.010000000000000009	0.13	0.0	-120.0	-120.0	0.0	0	0	2	0.01	0	0	0	0.01	0	0	0	0.021739130434782608
381 0.010000000000000009	0.15000000000000002	0.0	-120.0	-120.0	0.0	0	0	2	0.01	0	0	0	0.01	0	0	0	0.021739130434782608
382 0.010000000000000009	0.17000000000000004	0.0	-120.0	-120.0	0.0	0	0	2	0.01	0	0	0	0.01	0	0	0	0.021739130434782608
383 0.010000000000000009	0.19000000000000006	0.0	-120.0	-120.0	0.0	0	0	2	0.01	0	0	0	0.01	0	0	0	0.021739130434782608
384 0.010000000000000009	0.20999999999999996	0.0	-120.0	-120.0	0.0	0	0	2	0.01	0	0	0	0.01	0	0	0	0.021739130434782608
385 0.010000000000000009	0.22999999999999998	0.0	-120.0	-120.0	0.0	0	0	2	0.01	0	0	0	0.01	0	0	0	0.021739130434782608
386 0.010000000000000009	0.25	0.0	-120.0	-120.0	0.0	0	0	2	0.01	0	0	0	0.01	0	0	0	0.021739130434782608
387 0.010000000000000009	0.27	0.0	-120.0	-120.0	0.0	0	0	2	0.01	0	0	0	0.01	0	0	0	0.021739130434782608
388 0.010000000000000009	0.29000000000000004	0.0	-120.0	-120.0	0.0	0	0	2	0.01	0	0	0	0.01	0	0	0	0.021739130434782608
389 0.030000000000000027	-0.29000000000000004	0.0	-120.0	-120.0	0.0	0	0	2	0.01	0	0	0	0.01	0	0	0	0.021739130434782608
390 0.030000000000000027	-0.27	0.0	-120.0	-120.0	0.0	0	0	2	0.01	0	0	0	0.01	0	0	0	0.021739130434782608
391 0.030000000000000027	-0.25	0.0	-120.0	-120.0	0.0	0	0	2	0.01	0	0	0	0.01	0	0	0	0.021739130434782608
392 0.030000000000000027	-0.22999999999999998	0.0	-120.0	-120.0	0.0	0	0	2	0.01	0	0	0	0.01	0	0	0	0.021739130434782608
393 0.030000000000000027	-0.21000000000000002	0.0	-120.0	-120.0	0.0	0	0	2	0.01	0	0	0	0.01	0	0	0	0.021739130434782608
394 0.030000000000000027	-0.19	0.0	-120.0	-120.0	0.0	0	0	2	0.01	0	0	0	0.01	0	0	0	0.021739130434782608
395 0.030000000000000027	-0.16999999999999998	0.0	-120.0	-120.0	0.0	0	0	2	0.01	0	0	0	0.01	0	0	0	0.021739130434782608
396 0.030000000000000027	-0.14999999999999997	0.0	-120.0	-120.0	0.0	0	0	2	0.01	0	0	0	0.01	0	0	0	0.021739130434782608
397 0.030000000000000027	-0.13	0.0	-120.0	-120.0	0.0	0	0	2	0.01	0	0	0	0.01	0	0	0	0.021739130434782608
398 0.030000000000000027	-0.10999999999999999	0.0	-120.0	-120.0	0.0	0	0	2	0.01	0	0	0	0.01	0	0	0	0.021739130434782608
399 0.030000000000000027	-0.08999999999999997	0.0	-120.0	-120.0	0.0	0	0	2	0.01	0	0	0	0.01	0	0	0	0.021739130434782608
400 0.030000000000000027	-0.07	0.0	-120.0	-120.0	0.0	0	0	2	0.01	0	0	0	0.01	0	0	0	0.021739130434782608
401 0.030000000000000027	-0.04999999999999999	0.0	-120.0	-120.0	0.0	0	0	2	0.01	0	0	0	0.01	0	0	0	0.021739130434782608
402 0.030000000000000027	-0.02999999999999997	0.0	-120.0	-120.0	0.0	0	0	2	0.01	0	0	0	0.01	0	0	0	0.021739130434782608
403 0.030000000000000027	-0.01000000000000001	0.0	-120.0	-120.0	0.0	0	0	2	0.01	0	0	0	0.01	0	0	0	0.021739130434782608
404 0.030000000000000027	0.010000000000000009	0.0	-120.0	-120.0	0.0	0	0	2	0.01	0	0	0	0.01	0	0	0	0.021739130434782608
405 0.030000000000000027	0.030000000000000027	0.0	-120.0	-120.0	0.0	0	0	2	0.01	0	0	0	0.01	0	0	0	0.021739130434782608
406 0.030000000000000027	0.050000000000000044	0.0	-120.0	-120.0	0.0	0	0	2	0.01	0	0	0	0.01	0	0	0	0.021739130434782608
407 0.030000000000000027	0.07000000000000006	0.0	-120.0	-120.0	0.0	0	0	2	0.01	0	0	0	0.01	0	0	0	0.021739130434782608
408 0.030000000000000027	0.08999999999999997	0.0	-120.0	-120.0	0.0	0	0	2	0.01	0	0	0	0.01	0	0	0	0.021739130434782608
409 0.030000000000000027	0.10999999999999999	0.0	-120.0	-120.0	0.0	0	0	2	0.01	0	0	0	0.01	0	0	0	0.021739130434782608
410 0.030000000000000027	0.13	0.0	-120.0	-120.0	0.0	0	0	2	0.01	0	0	0	0.01	0	0	0	0.021739130434782608
411 0.030000000000000027	0.15000000000000002	0.0	-120.0	-120.0	0.0	0	0	2	0.01	0	0	0	0.01	0	0	0	0.021739130434782608
412 0.030000000000000027	0.17000000000000004	0.0	-120.0	-120.0	0.0	0	0	2	0.01	0	0	0	0.01	0	0	0	0.021739130434782608
413 0.030000000000000027	0.19000000000000006	0.0	-120.0	-120.0	0.0	0	0	2	0.01	0	0	0	0.01	0	0	0	0.021739130434782608
414 0.030000000000000027	0.20999999999999996	0.0	-120.0	-120.0	0.0	0	0	2	0.01	0	0	0	0.01	0	0	0	0.021739130434782608
415 0.030000000000000027	0.22999999999999998	0.0	-120.0	-120.0	0.0	0	0	2	0.01	0	0	0	0.01	0	0	0	0.021739130434782608
416 0.030000000000000027	0.25	0.0	-120.0	-120.0	0.0	0	0	2	0.01	0	0	0	0.01	0	0	0	0.021739130434782608
417 0.030000000000000027	0.27	0.0	-120.0	-120.0	0.0	0	0	2	0.01	0	0	0	0.01	0	0	0	0.021739130434782608
418 0.030000000000000027	0.29000000000000004	0.0	-120.0	-120.0	0.0	0	0	2	0.01	0	0	0	0.01	0	0	0	0.021739130434782608
419 0.050000000000000044	-0.29000000000000004	0.0	-120.0	-120.0	0.0	0	0	2	0.01	0	0	0	0.01	0	0	0	0.021739130434782608
420 0.050000000000000044	-0.27	0.0	-120.0	-120.0	0.0	0	0	2	0.01	0	0	0	0.01	0	0	0	0.021739130434782608
421 0.050000000000000044	-0.25	0.0	-120.0	-120.0	0.0	0	0	2	0.01	0	0	0	0.01	0	0	0	0.021739130434782608
422 0.050000000000000044	-0.22999999999999998	0.0	-120.0	-120.0	0.0	0	0	2	0.01	0	0	0	0.01	0	0	0	0.021739130434782608
423 0.050000000000000044	-0.21000000000000002	0.0	-120.0	-120.0	0.0	0	0	2	0.01	0	0	0	0.01	0	0	0	0.021739130434782608
424 0.050000000000000044	-0.19	0.0	-120.0	-120.0	0.0	0	0	2	0.01	0	0	0	0.01	0	0	0	0.021739130434782608
425 0.050000000000000044	-0.16999999999999998	0.0	-120.0	-120.0	0.0	0	0	2	0.01	0	0	0	0.01	0	0	0	0.021739130434782608
426 0.050000000000000044	-0.14999999999999997	0.0	-120.0	-120.0	0.0	0	0	2	0.01	0	0	0	0.01	0	0	0	0.021739130434782608
427 0.050000000000000044	-0.13	0.0	-120.0	-120.0	0.0	0	0	2	0.01	0	0	0	0.01	0	0	0	0.021739130434782608
428 0.050000000000000044	-0.10999999999999999	0.0	-120.0	-120.0	0.0	0	0	2	0.01	0	0	0	0.01	0	0	0	0.021739130434782608
429 0.050000000000000044	-0.08999999999999997	0.0	-120.0	-120.0	0.0	0	0	2	0.01	0	0	0	0.01	0	0	0	0.021739130434782608
430 0.050000000000000044	-0.07	0.0	-120.0	-120.0	0.0	0	0	2	0.01	0	0	0	0.01	0	0	0	0.021739130434782608
431 0.050000000000000044	-0.04999999999999999	0.0	-120.0	-120.0	0.0	0	0	2	0.01	0	0	0	0.01	0	0	0	0.021739130434782608
432 0.050000000000000044	-0.02999999999999997	0.0	-120.0	-120.0	0.0	0	0	2	0.01	0	0	0	0.01	0	0	0	0.021739130434782608
433 0.050000000000000044	-0.01000000000000001	0.0	-120.0	-120.0	0.0	0	0	2	0.01	0	0	0	0.01	0	0	0	0.021739130434782608
434 0.050000000000000044	0.010000000000000009	0.0	-120.0	-120.0	0.0	0	0	2	0.01	0	0	0	0.01	0	0	0	0.021739130434782608
435 0.050000000000000044	0.030000000000000027	0.0	-120.0	-120.0	0.0	0	0	2	0.01	0	0	0	0.01	0	0	0	0.021739130434782608
436 0.050000000000000044	0.050000000000000044	0.0	-120.0	-120.0	0.0	0	0	2	0.01	0	0	0	0.01	0	0	0	0.021739130434782608
437 0.050000000000000044	0.07000000000000006	0.0	-120.0	-120.0	0.0	0	0	2	0.01	0	0	0	0.01	0	0	0	0.021739130434782608
438 0.050000000000000044	0.08999999999999997	0.0	-120.0	-120.0	0.0	0	0	2	0.01	0	0	0	0.01	0	0	0	0.021739130434782608
439 0.050000000000000044	0.10999999999999999	0.0	-120.0	-120.0	0.0	0	0	2	0.01	0	0	0	0.01	0	0	0	0.021739130434782608
440 0.050000000000000044	0.13	0.0	-120.0	-120.0	0.0	0	0	2	0.01	0	0	0	0.01	0	0	0	0.021739130434782608
441 0.050000000000000044	0.15000000000000002	0.0	-120.0	-120.0	0.0	0	0	2	0.01	0	0	0	0.01	0	0	0	0.021739130434782608
442 0.050000000000000044	0.17000000000000004	0.0	-120.0	-120.0	0.0	0	0	2	0.01	0	0	0	0.01	0	0	0	0.021739130434782608
443 0.050000000000000044	0.19000000000000006	0.0	-120.0	-120.0	0.0	0	0	2	0.01	0	0	0	0.01	0	0	0	0.021739130434782608
444 0.050000000000000044	0.20999999999999996	0.0	-120.0	-120.0	0.0	0	0	2	0.01	0	0	0	0.01	0	0	0	0.021739130434782608
445 0.050000000000000044	0.22999999999999998	0.0	-120.0	-120.0	0.0	0	0	2	0.01	0	0	0	0.01	0	0	0	0.021739130434782608
446 0.050000000000000044	0.25	0.0	-120.0	-120.0	0.0	0	0	2	0.01	0	0	0	0.01	0	0	0	0.021739130434782608
447 0.050000000000000044	0.27	0.0	-120.0	-120.0	0.0	0	0	2	0.01	0	0	0	0.01	0	0	0	0.021739130434782608
448 0.050000000000000044	0.29000000000000004	0.0	-120.0	-120.0	0.0	0	0	2	0.01	0	0	0	0.01	0	0	0	0.021739130434782608
449 0.07000000000000006	-0.29000000000000004	0.0	-120.0	-120.0	0.0	0	0	2	0.01	0	0	0	0.01	0	0	0	0.021739130434782608
450 0.07000000000000006	-0.27	0.0	-120.0	-120.0	0.0	0	0	2	0.01	0	0	0	0.01	0	0	0	0.021739130434782608
451 0.07000000000000006	-0.25	0.0	-120.0	-120.0	0.0	0	0	2	0.01	0	0	0	0.01	0	0	0	0.021739130434782608
452 0.07000000000000006	-0.22999999999999998	0.0	-120.0	-120.0	0.0	0	0	2	0.01	0	0	0	0.01	0	0	0	0.021739130434782608
453 0.07000000000000006	-0.21000000000000002	0.0	-120.0	-120.0	0.0	0	0	2	0.01	0	0	0	0.01	0	0	0	0.021739130434782608
454 0.07000000000000006	-0.19	0.0	-120.0	-120.0	0.0	0	0	2	0.01	0	0	0	0.01	0	0	0	0.021739130434782608
455 0.07000000000000006	-0.16999999999999998	0.0	-120.0	-120.0	0.0	0	0	2	0.01	0	0	0	0.01	0	0	0	0.021739130434782608
456 0.07000000000000006	-0.14999999999999997	0.0	-120.0	-120.0	0.0	0	0	2	0.01	0	0	0	0.01	0	0	0	0.021739130434782608
457 0.07000000000000006	-0.13	0.0	-120.0	-120.0	0.0	0	0	2	0.01	0	0	0	0.01	0	0	0	0.021739130434782608
458 0.07000000000000006	-0.10999999999999999	0.0	-120.0	-120.0	0.0	0	0	2	0.01	0	0	0	0.01	0	0	0	0.021739130434782608
459 0.07000000000000006	-0.08999999999999997	0.0	-120.0	-120.0	0.0	0	0	2	0.01	0	0	0	0.01	0	0	0	0.021739130434782608
460 0.07000000000000006	-0.07	0.0	-120.0	-120.0	0.0	0	0	2	0.01	0	0	0	0.01	0	0	0	0.021739130434782608
461 0.07000000000000006	-0.04999999999999999	0.0	-120.0	-120.0	0.0	0	0	2	0.01	0	0	0	0.01	0	0	0	0.021739130434782608
462 0.07000000000000006	-0.02999999999999997	0.0	-120.0	-120.0	0.0	0	0	2	0.01	0	0	0	0.01	0	0	0	0.021739130434782608
463 0.07000000000000006	-0.01000000000000001	0.0	-120.0	-120.0	0.0	0	0	2	0.01	0	0	0	0.01	0	0	0	0.021739130434782608
464 0.07000000000000006	0.010000000000000009	0.0	-120.0	-120.0	0.0	0	0	2	0.01	0	0	0	0.01	0	0	0	0.021739130434782608
465 0.07000000000000006	0.030000000000000027	0.0	-120.0	-120.0	0.0	0	0	2	0.01	0	0	0	0.01	0	0	0	0.021739130434782608
466 0.07000000000000006	0.050000000000000044	0.0	-120.0	-120.0	0.0	0	0	2	0.01	0	0	0	0.01	0	0	0	0.021739130434782608
467 0.07000000000000006	0.07000000000000006	0.0	-120.0	-120.0	0.0	0	0	2	0.01	0	0	0	0.01	0	0	0	0.021739130434782608
468 0.07000000000000006	0.08999999999999997	0.0	-120.0	-120.0	0.0	0	0	2	0.01	0	0	0	0.01	0	0	0	0.021739130434782608
469 0.07000000000000006	0.10999999999999999	0.0	-120.0	-120.0	0.0	0	0	2	0.01	0	0	0	0.01	0	0	0	0.021739130434782608
470 0.07000000000000006	0.13	0.0	-120.0	-120.0	0.0	0	0	2	0.01	0	0	0	0.01	0	0	0	0.021739130434782608
471 0.07000000000000006	0.15000000000000002	0.0	-120.0	-120.0	0.0	0	0	2	0.01	0	0	0	0.01	0	0	0	0.021739130434782608
472 0.07000000000000006	0.17000000000000004	0.0	-120.0	-120.0	0.0	0	0	2	0.01	0	0	0	0.01	0	0	0	0.021739130434782608
473 0.07000000000000006	0.19000000000000006	0.0	-120.0	-120.0	0.0	0	0	2	0.01	0	0	0	0.01	0	0	0	0.021739130434782608
474 0.07000000000000006	0.20999999999999996	0.0	-120.0	-120.0	0.0	0	0	2	0.01	0	0	0	0.01	0	0	0	0.021739130434782608
475 0.07000000000000006	0.22999999999999998	0.0	-120.0	-120.0	0.0	0	0	2	0.01	0	0	0	0.01	0	0	0	0.021739130434782608
476 0.07000000000000006	0.25	0.0	-120.0	-120.0	0.0	0	0	2	0.01	0	0	0	0.01	0	0	0	0.021739130434782608
477 0.07000000000000006	0.27	0.0	-120.0	-120.0	0.0	0	0	2	0.01	0	0	0	0.01	0	0	0	0.021739130434782608
478 0.07000000000000006	0.29000000000000004	0.0	-120.0	-120.0	0.0	0	0	2	0.01	0	0	0	0.01	0	0	0	0.021739130434782608
479 0.08999999999999997	-0.27	0.0	-120.0	-120.0	0.0	0	0	2	0.01	0	0	0	0.01	0	0	0	0.021739130434782608
480 0.08999999999999997	-0.25	0.0	-120.0	-120.0	0.0	0	0	2	0.01	0	0	0	0.01	0	0	0	0.021739130434782608
481 0.08999999999999997	-0.22999999999999998	0.0	-120.0	-120.0	0.0	0	0	2	0.01	0	0	0	0.01	0	0	0	0.021739130434782608
482 0.08999999999999997	-0.21000000000000002	0.0	-120.0	-120.0	0.0	0	0	2	0.01	0	0	0	0.01	0	0	0	0.021739130434782608
483 0.08999999999999997	-0.19	0.0	-120.0	-120.0	0.0	0	0	2	0.01	0	0	0	0.01	0	0	0	0.021739130434782608
484 0.08999999999999997	-0.16999999999999998	0.0	-120.0	-120.0	0.0	0	0	2	0.01	0	0	0	0.01	0	0	0	0.021739130434782608
485 0.08999999999999997	-0.14999999999999997	0.0	-120.0	-120.0	0.0	0	0	2	0.01	0	0	0	0.01	0	0	0	0.021739130434782608
486 0.08999999999999997	-0.13	0.0	-120.0	-120.0	0.0	0	0	2	0.01	0	0	0	0.01	0	0	0	0.021739130434782608
487 0.08999999999999997	-0.10999999999999999	0.0	-120.0	-120.0	0.0	0	0	2	0.01	0	0	0	0.01	0	0	0	0.021739130434782608
488 0.08999999999999997	-0.08999999999999997	0.0	-120.0	-120.0	0.0	0	0	2	0.01	0	0	0	0.01	0	0	0	0.021739130434782608
489 0.08999999999999997	-0.07	0.0	-120.0	-120.0	0.0	0	0	2	0.01	0	0	0	0.01	0	0	0	0.021739130434782608
490 0.08999999999999997	-0.04999999999999999	0.0	-120.0	-120.0	0.0	0	0	2	0.01	0	0	0	0.01	0	0	0	0.021739130434782608
491 0.08999999999999997	-0.02999999999999997	0.0	-120.0	-120.0	0.0	0	0	2	0.01	0	0	0	0.01	0	0	0	0.021739130434782608
492 0.08999999999999997	-0.01000000000000001	0.0	-120.0	-120.0	0.0	0	0	2	0.01	0	0	0	0.01	0	0	0	0.021739130434782608
493 0.08999999999999997	0.010000000000000009	0.0	-120.0	-120.0	0.0	0	0	2	0.01	0	0	0	0.01	0	0	0	0.021739130434782608
494 0.08999999999999997	0.030000000000000027	0.0	-120.0	-120.0	0.0	0	0	2	0.01	0	0	0	0.01	0	0	0	0.021739130434782608
495 0.08999999999999997	0.050000000000000044	0.0	-120.0	-120.0	0.0	0	0	2	0.01	0	0	0	0.01	0	0	0	0.021739130434782608
496 0.08999999999999997	0.07000000000000006	0.0	-120.0	-120.0	0.0	0	0	2	0.01	0	0	0	0.01	0	0	0	0.021739130434782608
497 0.08999999999999997	0.08999999999999997	0.0	-120.0	-120.0	0.0	0	0	2	0.01	0	0	0	0.01	0	0	0	0.021739130434782608
498 0.08999999999999997	0.10999999999999999	0.0	-120.0	-120.0	0.0	0	0	2	0.01	0	0	0	0.01	0	0	0	0.021739130434782608
499 0.08999999999999997	0.13	0.0	-120.0	-120.0	0.0	0	0	2	0.01	0	0	0	0.01	0	0	0	0.021739130434782608
500 0.08999999999999997	0.15000000000000002	0.0	-120.0	-120.0	0.0	0	0	2	0.01	0	0	0	0.01	0	0	0	0.021739130434782608
501 0.08999999999999997	0.17000000000000004	0.0	-120.0	-120.0	0.0	0	0	2	0.01	0	0	0	0.01	0	0	0	0.021739130434782608
502 0.08999999999999997	0.19000000000000006	0.0	-120.0	-120.0	0.0	0	0	2	0.01	0	0	0	0.01	0	0	0	0.021739130434782608
503 0.08999999999999997	0.20999999999999996	0.0	-120.0	-120.0	0.0	0	0	2	0.01	0	0	0	0.01	0	0	0	0.021739130434782608
504 0.08999999999999997	0.22999999999999998	0.0	-120.0	-120.0	0.0	0	0	2	0.01	0	0	0	0.01	0	0	0	0.021739130434782608
505 0.08999999999999997	0.25	0.0	-120.0	-120.0	0.0	0	0	2	0.01	0	0	0	0.01	0	0	0	0.021739130434782608
506 0.08999999999999997	0.27	0.0	-120.0	-120.0	0.0	0	0	2	0.01	0	0	0	0.01	0	0	0	0.021739130434782608
507 0.10999999999999999	-0.27	0.0	-120.0	-120.0	0.0	0	0	2	0.01	0	0	0	0.01	0	0	0	0.021739130434782608
508 0.10999999999999999	-0.25	0.0	-120.0	-120.0	0.0	0	0	2	0.01	0	0	0	0.01	0	0	0	0.021739130434782608
509 0.10999999999999999	-0.22999999999999998	0.0	-120.0	-120.0	0.0	0	0	2	0.01	0	0	0	0.01	0	0	0	0.021739130434782608
510 0.10999999999999999	-0.21000000000000002	0.0	-120.0	-120.0	0.0	0	0	2	0.01	0	0	0	0.01	0	0	0	0.021739130434782608
511 0.10999999999999999	-0.19	0.0	-120.0	-120.0	0.0	0	0	2	0.01	0	0	0	0.01	0	0	0	0.021739130434782608
512 0.10999999999999999	-0.16999999999999998	0.0	-120.0	-120.0	0.0	0	0	2	0.01	0	0	0	0.01	0	0	0	0.021739130434782608
513 0.10999999999999999	-0.14999999999999997	0.0	-120.0	-120.0	0.0	0	0	2	0.01	0	0	0	0.01	0	0	0	0.021739130434782608
514 0.10999999999999999	-0.13	0.0	-120.0	-120.0	0.0	0	0	2	0.01	0	0	0	0.01	0	0	0	0.021739130434782608
515 0.10999999999999999	-0.10999999999999999	0.0	-120.0	-120.0	0.0	0	0	2	0.01	0	0	0	0.01	0	0	0	0.021739130434782608
516 0.10999999999999999	-0.08999999999999997	0.0	-120.0	-120.0	0.0	0	0	2	0.01	0	0	0	0.01	0	0	0	0.021739130434782608
517 0.10999999999999999	-0.07	0.0	-120.0	-120.0	0.0	0	0	2	0.01	0	0	0	0.01	0	0	0	0.021739130434782608
518 0.10999999999999999	-0.04999999999999999	0.0	-120.0	-120.0	0.0	0	0	2	0.01	0	0	0	0.01	0	0	0	0.021739130434782608
519 0.10999999999999999	-0.02999999999999997	0.0	-120.0	-120.0	0.0	0	0	2	0.01	0	0	0	0.01	0	0	0	0.021739130434782608
520 0.10999999999999999	-0.01000000000000001	0.0	-120.0	-120.0	0.0	0	0	2	0.01	0	0	0	0.01	0	0	0	0.021739130434782608
521 0.10999999999999999	0.010000000000000009	0.0	-120.0	-120.0	0.0	0	0	2	0.01	0	0	0	0.01	0	0	0	0.021739130434782608
522 0.10999999999999999	0.030000000000000027	0.0	-120.0	-120.0	0.0	0	0	2	0.01	0	0	0	0.01	0	0	0	0.021739130434782608
523 0.10999999999999999	0.050000000000000044	0.0	-120.0	-120.0	0.0	0	0	2	0.01	0	0	0	0.01	0	0	0	0.021739130434782608
524 0.10999999999999999	0.07000000000000006	0.0	-120.0	-120.0	0.0	0	0	2	0.01	0	0	0	0.01	0	0	0	0.021739130434782608
525 0.10999999999999999	0.08999999999999997	0.0	-120.0	-120.0	0.0	0	0	2	0.01	0	0	0	0.01	0	0	0	0.021739130434782608
526 0.10999999999999999	0.10999999999999999	0.0	-120.0	-120.0	0.0	0	0	2	0.01	0	0	0	0.01	0	0	0	0.021739130434782608
527 0.10999999999999999	0.13	0.0	-120.0	-120.0	0.0	0	0	2	0.01	0	0	0	0.01	0	0	0	0.021739130434782608
528 0.10999999999999999	0.15000000000000002	0.0	-120.0	-120.0	0.0	0	0	2	0.01	0	0	0	0.01	0	0	0	0.021739130434782608
529 0.10999999999999999	0.17000000000000004	0.0	-120.0	-120.0	0.0	0	0	2	0.01	0	0	0	0.01	0	0	0	0.021739130434782608
530 0.10999999999999999	0.19000000000000006	0.0	-120.0	-120.0	0.0	0	0	2	0.01	0	0	0	0.01	0	0	0	0.021739130434782608
531 0.10999999999999999	0.20999999999999996	0.0	-120.0	-120.0	0.0	0	0	2	0.01	0	0	0	0.01	0	0	0	0.021739130434782608
532 0.10999999999999999	0.22999999999999998	0.0	-120.0	-120.0	0.0	0	0	2	0.01	0	0	0	0.01	0	0	0	0.021739130434782608
533 0.10999999999999999	0.25	0.0	-120.0	-120.0	0.0	0	0	2	0.01	0	0	0	0.01	0	0	0	0.021739130434782608
534 0.10999999999999999	0.27	0.0	-120.0	-120.0	0.0	0	0	2	0.01	0	0	0	0.01	0	0	0	0.021739130434782608
535 0.13	-0.27	0.0	-120.0	-120.0	0.0	0	0	2	0.01	0	0	0	0.01	0	0	0	0.021739130434782608
536 0.13	-0.25	0.0	-120.0	-120.0	0.0	0	0	2	0.01	0	0	0	0.01	0	0	0	0.021739130434782608
537 0.13	-0.22999999999999998	0.0	-120.0	-120.0	0.0	0	0	2	0.01	0	0	0	0.01	0	0	0	0.021739130434782608
538 0.13	-0.21000000000000002	0.0	-120.0	-120.0	0.0	0	0	2	0.01	0	0	0	0.01	0	0	0	0.021739130434782608
539 0.13	-0.19	0.0	-120.0	-120.0	0.0	0	0	2	0.01	0	0	0	0.01	0	0	0	0.021739130434782608
540 0.13	-0.16999999999999998	0.0	-120.0	-120.0	0.0	0	0	2	0.01	0	0	0	0.01	0	0	0	0.021739130434782608
541 0.13	-0.14999999999999997	0.0	-120.0	-120.0	0.0	0	0	2	0.01	0	0	0	0.01	0	0	0	0.021739130434782608
542 0.13	-0.13	0.0	-120.0	-120.0	0.0	0	0	2	0.01	0	0	0	0.01	0	0	0	0.021739130434782608
543 0.13	-0.10999999999999999	0.0	-120.0	-120.0	0.0	0	0	2	0.01	0	0	0	0.01	0	0	0	0.021739130434782608
544 0.13	-0.08999999999999997	0.0	-120.0	-120.0	0.0	0	0	2	0.01	0	0	0	0.01	0	0	0	0.021739130434782608
545 0.13	-0.07	0.0	-120.0	-120.0	0.0	0	0	2	0.01	0	0	0	0.01	0	0	0	0.021739130434782608
546 0.13	-0.04999999999999999	0.0	-120.0	-120.0	0.0	0	0	2	0.01	0	0	0	0.01	0	0	0	0.021739130434782608
547 0.13	-0.02999999999999997	0.0	-120.0	-120.0	0.0	0	0	2	0.01	0	0	0	0.01	0	0	0	0.021739130434782608
548 0.13	-0.01000000000000001	0.0	-120.0	-120.0	0.0	0	0	2	0.01	0	0	0	0.01	0	0	0	0.021739130434782608
549 0.13	0.010000000000000009	0.0	-120.0	-120.0	0.0	0	0	2	0.01	0	0	0	0.01	0	0	0	0.021739130434782608
550 0.13	0.030000000000000027	0.0	-120.0	-120.0	0.0	0	0	2	0.01	0	0	0	0.01	0	0	0	0.021739130434782608
551 0.13	0.050000000000000044	0.0	-120.0	-120.0	0.0	0	0	2	0.01	0	0	0	0.01	0	0	0	0.021739130434782608
552 0.13	0.07000000000000006	0.0	-120.0	-120.0	0.0	0	0	2	0.01	0	0	0	0.01	0	0	0	0.021739130434782608
553 0.13	0.08999999999999997	0.0	-120.0	-120.0	0.0	0	0	2	0.01	0	0	0	0.01	0	0	0	0.021739130434782608
554 0.13	0.10999999999999999	0.0	-120.0	-120.0	0.0	0	0	2	0.01	0	0	0	0.01	0	0	0	0.021739130434782608
555 0.13	0.13	0.0	-120.0	-120.0	0.0	0	0	2	0.01	0	0	0	0.01	0	0	0	0.021739130434782608
556 0.13	0.15000000000000002	0.0	-120.0	-120.0	0.0	0	0	2	0.01	0	0	0	0.01	0	0	0	0.021739130434782608
557 0.13	0.17000000000000004	0.0	-120.0	-120.0	0.0	0	0	2	0.01	0	0	0	0.01	0	0	0	0.021739130434782608
558 0.13	0.19000000000000006	0.0	-120.0	-120.0	0.0	0	0	2	0.01	0	0	0	0.01	0	0	0	0.021739130434782608
559 0.13	0.20999999999999996	0.0	-120.0	-120.0	0.0	0	0	2	0.01	0	0	0	0.01	0	0	0	0.021739130434782608
560 0.13	0.22999999999999998	0.0	-120.0	-120.0	0.0	0	0	2	0.01	0	0	0	0.01	0	0	0	0.021739130434782608
561 0.13	0.25	0.0	-120.0	-120.0	0.0	0	0	2	0.01	0	0	0	0.01	0	0	0	0.021739130434782608
562 0.13	0.27	0.0	-120.0	-120.0	0.0	0	0	2	0.01	0	0	0	0.01	0	0	0	0.021739130434782608
563 0.15000000000000002	-0.25	0.0	-120.0	-120.0	0.0	0	0	2	0.01	0	0	0	0.01	0	0	0	0.021739130434782608
564 0.15000000000000002	-0.22999999999999998	0.0	-120.0	-120.0	0.0	0	0	2	0.01	0	0	0	0.01	0	0	0	0.021739130434782608
565 0.15000000000000002	-0.21000000000000002	0.0	-120.0	-120.0	0.0	0	0	2	0.01	0	0	0	0.01	0	0	0	0.021739130434782608
566 0.15000000000000002	-0.19	0.0	-120.0	-120.0	0.0	0	0	2	0.01	0	0	0	0.01	0	0	0	0.021739130434782608
567 0.15000000000000002	-0.16999999999999998	0.0	-120.0	-120.0	0.0	0	0	2	0.01	0	0	0	0.01	0	0	0	0.021739130434782608
568 0.15000000000000002	-0.14999999999999997	0.0	-120.0	-120.0	0.0	0	0	2	0.01	0	0	0	0.01	0	0	0	0.021739130434782608
569 0.15000000000000002	-0.13	0.0	-120.0	-120.0	0.0	0	0	2	0.01	0	0	0	0.01	0	0	0	0.021739130434782608
570 0.15000000000000002	-0.10999999999999999	0.0	-120.0	-120.0	0.0	0	0	2	0.01	0	0	0	0.01	0	0	0	0.021739130434782608
571 0.15000000000000002	-0.08999999999999997	0.0	-120.0	-120.0	0.0	0	0	2	0.01	0	0	0	0.01	0	0	0	0.021739130434782608
572 0.15000000000000002	-0.07	0.0	-120.0	-120.0	0.0	0	0	2	0.01	0	0	0	0.01	0	0	0	0.021739130434782608
573 0.15000000000000002	-0.04999999999999999	0.0	-120.0	-120.0	0.0	0	0	2	0.01	0	0	0	0.01	0	0	0	0.021739130434782608
574 0.15000000000000002	-0.02999999999999997	0.0	-120.0	-120.0	0.0	0	0	2	0.01	0	0	0	0.01	0	0	0	0.021739130434782608
575 0.15000000000000002	-0.01000000000000001	0.0	-120.0	-120.0	0.0	0	0	2	0.01	0	0	0	0.01	0	0	0	0.021739130434782608
576 0.15000000000000002	0.010000000000000009	0.0	-120.0	-120.0	0.0	0	0	2	0.01	0	0	0	0.01	0	0	0	0.021739130434782608
577 0.15000000000000002	0.030000000000000027	0.0	-120.0	-120.0	0.0	0	0	2	0.01	0	0	0	0.01	0	0	0	0.021739130434782608
578 0.15000000000000002	0.050000000000000044	0.0	-120.0	-120.0	0.0	0	0	2	0.01	0	0	0	0.01	0	0	0	0.021739130434782608
579 0.15000000000000002	0.07000000000000006	0.0	-120.0	-120.0	0.0	0	0	2	0.01	0	0	0	0.01	0	0	0	0.021739130434782608
580 0.15000000000000002	0.08999999999999997	0.0	-120.0	-120.0	0.0	0	0	2	0.01	0	0	0	0.01	0	0	0	0.021739130434782608
581 0.15000000000000002	0.10999999999999999	0.0	-120.0	-120.0	0.0	0	0	2	0.01	0	0	0	0.01	0	0	0	0.021739130434782608
582 0.15000000000000002	0.13	0.0	-120.0	-120.0	0.0	0	0	2	0.01	0	0	0	0.01	0	0	0	0.021739130434782608
583 0.15000000000000002	0.15000000000000002	0.0	-120.0	-120.0	0.0	0	0	2	0.01	0	0	0	0.01	0	0	0	0.021739130434782608
584 0.15000000000000002	0.17000000000000004	0.0	-120.0	-120.0	0.0	0	0	2	0.01	0	0	0	0.01	0	0	0	0.021739130434782608
585 0.15000000000000002	0.19000000000000006	0.0	-120.0	-120.0	0.0	0	0	2	0.01	0	0	0	0.01	0	0	0	0.021739130434782608
586 0.15000000000000002	0.20999999999999996	0.0	-120.0	-120.0	0.0	0	0	2	0.01	0	0	0	0.01	0	0	0	0.021739130434782608
587 0.15000000000000002	0.22999999999999998	0.0	-120.0	-120.0	0.0	0	0	2	0.01	0	0	0	0.01	0	0	0	0.021739130434782608
588 0.15000000000000002	0.25	0.0	-120.0	-120.0	0.0	0	0	2	0.01	0	0	0	0.01	0	0	0	0.021739130434782608
589 0.17000000000000004	-0.22999999999999998	0.0	-120.0	-120.0	0.0	0	0	2	0.01	0	0	0	0.01	0	0	0	0.021739130434782608
590 0.17000000000000004	-0.21000000000000002	0.0	-120.0	-120.0	0.0	0	0	2	0.01	0	0	0	0.01	0	0	0	0.021739130434782608
591 0.17000000000000004	-0.19	0.0	-120.0	-120.0	0.0	0	0	2	0.01	0	0	0	0.01	0	0	0	0.021739130434782608
592 0.17000000000000004	-0.16999999999999998	0.0	-120.0	-120.0	0.0	0	0	2	0.01	0	0	0	0.01	0	0	0	0.021739130434782608
593 0.17000000000000004	-0.14999999999999997	0.0	-120.0	-120.0	0.0	0	0	2	0.01	0	0	0	0.01	0	0	0	0.021739130434782608
594 0.17000000000000004	-0.13	0.0	-120.0	-120.0	0.0	0	0	2	0.01	0	0	0	0.01	0	0	0	0.021739130434782608
595 0.17000000000000004	-0.10999999999999999	0.0	-120.0	-120.0	0.0	0	0	2	0.01	0	0	0	0.01	0	0	0	0.021739130434782608
596 0.17000000000000004	-0.08999999999999997	0.0	-120.0	-120.0	0.0	0	0	2	0.01	0	0	0	0.01	0	0	0	0.021739130434782608
597 0.17000000000000004	-0.07	0.0	-120.0	-120.0	0.0	0	0	2	0.01	0	0	0	0.01	0	0	0	0.021739130434782608
598 0.17000000000000004	-0.04999999999999999	0.0	-120.0	-120.0	0.0	0	0	2	0.01	0	0	0	0.01	0	0	0	0.021739130434782608
599 0.17000000000000004	-0.02999999999999997	0.0	-120.0	-120.0	0.0	0	0	2	0.01	0	0	0	0.01	0	0	0	0.021739130434782608
600 0.17000000000000004	-0.01000000000000001	0.0	-120.0	-120.0	0.0	0	0	2	0.01	0	0	0	0.01	0	0	0	0.021739130434782608
601 0.17000000000000004	0.010000000000000009	0.0	-120.0	-120.0	0.0	0	0	2	0.01	0	0	0	0.01	0	0	0	0.021739130434782608
602 0.17000000000000004	0.030000000000000027	0.0	-120.0	-120.0	0.0	0	0	2	0.01	0	0	0	0.01	0	0	0	0.021739130434782608
603 0.17000000000000004	0.050000000000000044	0.0	-120.0	-120.0	0.0	0	0	2	0.01	0	0	0	0.01	0	0	0	0.021739130434782608
604 0.17000000000000004	0.07000000000000006	0.0	-120.0	-120.0	0.0	0	0	2	0.01	0	0	0	0.01	0	0	0	0.021739130434782608
605 0.17000000000000004	0.08999999999999997	0.0	-120.0	-120.0	0.0	0	0	2	0.01	0	0	0	0.01	0	0	0	0.021739130434782608
606 0.17000000000000004	0.10999999999999999	0.0	-120.0	-120.0	0.0	0	0	2	0.01	0	0	0	0.01	0	0	0	0.021739130434782608
607 0.17000000000000004	0.13	0.0	-120.0	-120.0	0.0	0	0	2	0.01	0	0	0	0.01	0	0	0	0.021739130434782608
608 0.17000000000000004	0.15000000000000002	0.0	-120.0	-120.0	0.0	0	0	2	0.01	0	0	0	0.01	0	0	0	0.021739130434782608
609 0.17000000000000004	0.17000000000000004	0.0	-120.0	-120.0	0.0	0	0	2	0.01	0	0	0	0.01	0	0	0	0.021739130434782608
610 0.17000000000000004	0.19000000000000006	0.0	-120.0	-120.0	0.0	0	0	2	0.01	0	0	0	0.01	0	0	0	0.021739130434782608
611 0.17000000000000004	0.20999999999999996	0.0	-120.0	-120.0	0.0	0	0	2	0.01	0	0	0	0.01	0	0	0	0.021739130434782608
612 0.17000000000000004	0.22999999999999998	0.0	-120.0	-120.0	0.0	0	0	2	0.01	0	0	0	0.01	0	0	0	0.021739130434782608
613 0.19000000000000006	-0.22999999999999998	0.0	-120.0	-120.0	0.0	0	0	2	0.01	0	0	0	0.01	0	0	0	0.021739130434782608
614 0.19000000000000006	-0.21000000000000002	0.0	-120.0	-120.0	0.0	0	0	2	0.01	0	0	0	0.01	0	0	0	0.021739130434782608
615 0.19000000000000006	-0.19	0.0	-120.0	-120.0	0.0	0	0	2	0.01	0	0	0	0.01	0	0	0	0.021739130434782608
616 0.19000000000000006	-0.16999999999999998	0.0	-120.0	-120.0	0.0	0	0	2	0.01	0	0	0	0.01	0	0	0	0.021739130434782608
617 0.19000000000000006	-0.14999999999999997	0.0	-120.0	-120.0	0.0	0	0	2	0.01	0	0	0	0.01	0	0	0	0.021739130434782608
618 0.19000000000000006	-0.13	0.0	-120.0	-120.0	0.0	0	0	2	0.01	0	0	0	0.01	0	0	0	0.021739130434782608
619 0.19000000000000006	-0.10999999999999999	0.0	-120.0	-120.0	0.0	0	0	2	0.01	0	0	0	0.01	0	0	0	0.021739130434782608
620 0.19000000000000006	-0.08999999999999997	0.0	-120.0	-120.0	0.0	0	0	2	0.01	0	0	0	0.01	0	0	0	0.021739130434782608
621 0.19000000000000006	-0.07	0.0	-120.0	-120.0	0.0	0	0	2	0.01	0	0	0	0.01	0	0	0	0.021739130434782608
622 0.19000000000000006	-0.04999999999999999	0.0	-120.0	-120.0	0.0	0	0	2	0.01	0	0	0	0.01	0	0	0	0.021739130434782608
623 0.19000000000000006	-0.02999999999999997	0.0	-120.0	-120.0	0.0	0	0	2	0.01	0	0	0	0.01	0	0	0	0.021739130434782608
624 0.19000000000000006	-0.01000000000000001	0.0	-120.0	-120.0	0.0	0	0	2	0.01	0	0	0	0.01	0	0	0	0.021739130434782608
625 0.19000000000000006	0.010000000000000009	0.0	-120.0	-120.0	0.0	0	0	2	0.01	0	0	0	0.01	0	0	0	0.021739130434782608
626 0.19000000000000006	0.030000000000000027	0.0	-120.0	-120.0	0.0	0	0	2	0.01	0	0	0	0.01	0	0	0	0.021739130434782608
627 0.19000000000000006	0.050000000000000044	0.0	-120.0	-120.0	0.0	0	0	2	0.01	0	0	0	0.01	0	0	0	0.021739130434782608
628 0.19000000000000006	0.07000000000000006	0.0	-120.0	-120.0	0.0	0	0	2	0.01	0	0	0	0.01	0	0	0	0.021739130434782608
629 0.19000000000000006	0.08999999999999997	0.0	-120.0	-120.0	0.0	0	0	2	0.01	0	0	0	0.01	0	0	0	0.021739130434782608
630 0.19000000000000006	0.10999999999999999	0.0	-120.0	-120.0	0.0	0	0	2	0.01	0	0	0	0.01	0	0	0	0.021739130434782608
631 0.19000000000000006	0.13	0.0	-120.0	-120.0	0.0	0	0	2	0.01	0	0	0	0.01	0	0	0	0.021739130434782608
632 0.19000000000000006	0.15000000000000002	0.0	-120.0	-120.0	0.0	0	0	2	0.01	0	0	0	0.01	0	0	0	0.021739130434782608
633 0.19000000000000006	0.17000000000000004	0.0	-120.0	-120.0	0.0	0	0	2	0.01	0	0	0	0.01	0	0	0	0.021739130434782608
634 0.19000000000000006	0.19000000000000006	0.0	-120.0	-120.0	0.0	0	0	2	0.01	0	0	0	0.01	0	0	0	0.021739130434782608
635 0.19000000000000006	0.20999999999999996	0.0	-120.0	-120.0	0.0	0	0	2	0.01	0	0	0	0.01	0	0	0	0.021739130434782608
636 0.19000000000000006	0.22999999999999998	0.0	-120.0	-120.0	0.0	0	0	2	0.01	0	0	0	0.01	0	0	0	0.021739130434782608
637 0.20999999999999996	-0.21000000000000002	0.0	-120.0	-120.0	0.0	0	0	2	0.01	0	0	0	0.01	0	0	0	0.021739130434782608
638 0.20999999999999996	-0.19	0.0	-120.0	-120.0	0.0	0	0	2	0.01	0	0	0	0.01	0	0	0	0.021739130434782608
639 0.20999999999999996	-0.16999999999999998	0.0	-120.0	-120.0	0.0	0	0	2	0.01	0	0	0	0.01	0	0	0	0.021739130434782608
640 0.20999999999999996	-0.14999999999999997	0.0	-120.0	-120.0	0.0	0	0	2	0.01	0	0	0	0.01	0	0	0	0.021739130434782608
641 0.20999999999999996	-0.13	0.0	-120.0	-120.0	0.0	0	0	2	0.01	0	0	0	0.01	0	0	0	0.021739130434782608
642 0.20999999999999996	-0.10999999999999999	0.0	-120.0	-120.0	0.0	0	0	2	0.01	0	0	0	0.01	0	0	0	0.021739130434782608
643 0.20999999999999996	-0.08999999999999997	0.0	-120.0	-120.0	0.0	0	0	2	0.01	0	0	0	0.01	0	0	0	0.021739130434782608
644 0.20999999999999996	-0.07	0.0	-120.0	-120.0	0.0	0	0	2	0.01	0	0	0	0.01	0	0	0	0.021739130434782608
645 0.20999999999999996	-0.04999999999999999	0.0	-120.0	-120.0	0.0	0	0	2	0.01	0	0	0	0.01	0	0	0	0.021739130434782608
646 0.20999999999999996	-0.02999999999999997	0.0	-120.0	-120.0	0.0	0	0	2	0.01	0	0	0	0.01	0	0	0	0.021739130434782608
647 0.20999999999999996	-0.01000000000000001	0.0	-120.0	-120.0	0.0	0	0	2	0.01	0	0	0	0.01	0	0	0	0.021739130434782608
648 0.20999999999999996	0.010000000000000009	0.0	-120.0	-120.0	0.0	0	0	2	0.01	0	0	0	0.01	0	0	0	0.021739130434782608
649 0.20999999999999996	0.030000000000000027	0.0	-120.0	-120.0	0.0	0	0	2	0.01	0	0	0	0.01	0	0	0	0.021739130434782608
650 0.20999999999999996	0.050000000000000044	0.0	-120.0	-120.0	0.0	0	0	2	0.01	0	0	0	0.01	0	0	0	0.021739130434782608
651 0.20999999999999996	0.07000000000000006	0.0	-120.0	-120.0	0.0	0	0	2	0.01	0	0	0	0.01	0	0	0	0.021739130434782608
652 0.20999999999999996	0.08999999999999997	0.0	-120.0	-120.0	0.0	0	0	2	0.01	0	0	0	0.01	0	0	0	0.021739130434782608
653 0.20999999999999996	0.10999999999999999	0.0	-120.0	-120.0	0.0	0	0	2	0.01	0	0	0	0.01	0	0	0	0.021739130434782608
654 0.20999999999999996	0.13	0.0	-120.0	-120.0	0.0	0	0	2	0.01	0	0	0	0.01	0	0	0	0.021739130434782608
655 0.20999999999999996	0.15000000000000002	0.0	-120.0	-120.0	0.0	0	0	2	0.01	0	0	0	0.01	0	0	0	0.021739130434782608
656 0.20999999999999996	0.17000000000000004	0.0	-120.0	-120.0	0.0	0	0	2	0.01	0	0	0	0.01	0	0	0	0.021739130434782608
657 0.20999999999999996	0.19000000000000006	0.0	-120.0	-120.0	0.0	0	0	2	0.01	0	0	0	0.01	0	0	0	0.021739130434782608
658 0.20999999999999996	0.20999999999999996	0.0	-120.0	-120.0	0.0	0	0	2	0.01	0	0	0	0.01	0	0	0	0.021739130434782608
659 0.22999999999999998	-0.19	0.0	-120.0	-120.0	0.0	0	0	2	0.01	0	0	0	0.01	0	0	0	0.021739130434782608
660 0.22999999999999998	-0.16999999999999998	0.0	-120.0	-120.0	0.0	0	0	2	0.01	0	0	0	0.01	0	0	0	0.021739130434782608
661 0.22999999999999998	-0.14999999999999997	0.0	-120.0	-120.0	0.0	0	0	2	0.01	0	0	0	0.01	0	0	0	0.021739130434782608
662 0.22999999999999998	-0.13	0.0	-120.0	-120.0	0.0	0	0	2	0.01	0	0	0	0.01	0	0	0	0.021739130434782608
663 0.22999999999999998	-0.10999999999999999	0.0	-120.0	-120.0	0.0	0	0	2	0.01	0	0	0	0.01	0	0	0	0.021739130434782608
664 0.22999999999999998	-0.08999999999999997	0.0	-120.0	-120.0	0.0	0	0	2	0.01	0	0	0	0.01	0	0	0	0.021739130434782608
665 0.22999999999999998	-0.07	0.0	-120.0	-120.0	0.0	0	0	2	0.01	0	0	0	0.01	0	0	0	0.021739130434782608
666 0.22999999999999998	-0.04999999999999999	0.0	-120.0	-120.0	0.0	0	0	2	0.01	0	0	0	0.01	0	0	0	0.021739130434782608
667 0.22999999999999998	-0.02999999999999997	0.0	-120.0	-120.0	0.0	0	0	2	0.01	0	0	0	0.01	0	0	0	0.021739130434782608
668 0.22999999999999998	-0.01000000000000001	0.0	-120.0	-120.0	0.0	0	0	2	0.01	0	0	0	0.01	0	0	0	0.021739130434782608
669 0.22999999999999998	0.010000000000000009	0.0	-120.0	-120.0	0.0	0	0	2	0.01	0	0	0	0.01	0	0	0	0.021739130434782608
670 0.22999999999999998	0.030000000000000027	0.0	-120.0	-120.0	0.0	0	0	2	0.01	0	0	0	0.01	0	0	0	0.021739130434782608
671 0.22999999999999998	0.050000000000000044	0.0	-120.0	-120.0	0.0	0	0	2	0.01	0	0	0	0.01	0	0	0	0.021739130434782608
672 0.22999999999999998	0.07000000000000006	0.0	-120.0	-120.0	0.0	0	0	2	0.01	0	0	0	0.01	0	0	0	0.021739130434782608
673 0.22999999999999998	0.08999999999999997	0.0	-120.0	-120.0	0.0	0	0	2	0.01	0	0	0	0.01	0	0	0	0.021739130434782608
674 0.22999999999999998	0.10999999999999999	0.0	-120.0	-120.0	0.0	0	0	2	0.01	0	0	0	0.01	0	0	0	0.021739130434782608
675 0.22999999999999998	0.13	0.0	-120.0	-120.0	0.0	0	0	2	0.01	0	0	0	0.01	0	0	0	0.021739130434782608
676 0.22999999999999998	0.15000000000000002	0.0	-120.0	-120.0	0.0	0	0	2	0.01	0	0	0	0.01	0	0	0	0.021739130434782608
677 0.22999999999999998	0.17000000000000004	0.0	-120.0	-120.0	0.0	0	0	2	0.01	0	0	0	0.01	0	0	0	0.021739130434782608
678 0.22999999999999998	0.19000000000000006	0.0	-120.0	-120.0	0.0	0	0	2	0.01	0	0	0	0.01	0	0	0	0.021739130434782608
679 0.25	-0.14999999999999997	0.0	-120.0	-120.0	0.0	0	0	2	0.01	0	0	0	0.01	0	0	0	0.021739130434782608
680 0.25	-0.13	0.0	-120.0	-120.0	0.0	0	0	2	0.01	0	0	0	0.01	0	0	0	0.021739130434782608
681 0.25	-0.10999999999999999	0.0	-120.0	-120.0	0.0	0	0	2	0.01	0	0	0	0.01	0	0	0	0.021739130434782608
682 0.25	-0.08999999999999997	0.0	-120.0	-120.0	0.0	0	0	2	0.01	0	0	0	0.01	0	0	0	0.021739130434782608
683 0.25	-0.07	0.0	-120.0	-120.0	0.0	0	0	2	0.01	0	0	0	0.01	0	0	0	0.021739130434782608
684 0.25	-0.04999999999999999	0.0	-120.0	-120.0	0.0	0	0	2	0.01	0	0	0	0.01	0	0	0	0.021739130434782608
685 0.25	-0.02999999999999997	0.0	-120.0	-120.0	0.0	0	0	2	0.01	0	0	0	0.01	0	0	0	0.021739130434782608
686 0.25	-0.01000000000000001	0.0	-120.0	-120.0	0.0	0	0	2	0.01	0	0	0	0.01	0	0	0	0.021739130434782608
687 0.25	0.010000000000000009	0.0	-120.0	-120.0	0.0	0	0	2	0.01	0	0	0	0.01	0	0	0	0.021739130434782608
688 0.25	0.030000000000000027	0.0	-120.0	-120.0	0.0	0	0	2	0.01	0	0	0	0.01	0	0	0	0.021739130434782608
689 0.25	0.050000000000000044	0.0	-120.0	-120.0	0.0	0	0	2	0.01	0	0	0	0.01	0	0	0	0.021739130434782608
690 0.25	0.07000000000000006	0.0	-120.0	-120.0	0.0	0	0	2	0.01	0	0	0	0.01	0	0	0	0.021739130434782608
691 0.25	0.08999999999999997	0.0	-120.0	-120.0	0.0	0	0	2	0.01	0	0	0	0.01	0	0	0	0.021739130434782608
692 0.25	0.10999999999999999	0.0	-120.0	-120.0	0.0	0	0	2	0.01	0	0	0	0.01	0	0	0	0.021739130434782608
693 0.25	0.13	0.0	-120.0	-120.0	0.0	0	0	2	0.01	0	0	0	0.01	0	0	0	0.021739130434782608
694 0.25	0.15000000000000002	0.0	-120.0	-120.0	0.0	0	0	2	0.01	0	0	0	0.01	0	0	0	0.021739130434782608
695 0.27	-0.13	0.0	-120.0	-120.0	0.0	0	0	2	0.01	0	0	0	0.01	0	0	0	0.021739130434782608
696 0.27	-0.10999999999999999	0.0	-120.0	-120.0	0.0	0	0	2	0.01	0	0	0	0.01	0	0	0	0.021739130434782608
697 0.27	-0.08999999999999997	0.0	-120.0	-120.0	0.0	0	0	2	0.01	0	0	0	0.01	0	0	0	0.021739130434782608
698 0.27	-0.07	0.0	-120.0	-120.0	0.0	0	0	2	0.01	0	0	0	0.01	0	0	0	0.021739130434782608
699 0.27	-0.04999999999999999	0.0	-120.0	-120.0	0.0	0	0	2	0.01	0	0	0	0.01	0	0	0	0.021739130434782608
700 0.27	-0.02999999999999997	0.0	-120.0	-120.0	0.0	0	0	2	0.01	0	0	0	0.01	0	0	0	0.021739130434782608
701 0.27	-0.01000000000000001	0.0	-120.0	-120.0	0.0	0	0	2	0.01	0	0	0	0.01	0	0	0	0.021739130434782608
702 0.27	0.010000000000000009	0.0	-120.0	-120.0	0.0	0	0	2	0.01	0	0	0	0.01	0	0	0	0.021739130434782608
703 0.27	0.030000000000000027	0.0	-120.0	-120.0	0.0	0	0	2	0.01	0	0	0	0.01	0	0	0	0.021739130434782608
704 0.27	0.050000000000000044	0.0	-120.0	-120.0	0.0	0	0	2	0.01	0	0	0	0.01	0	0	0	0.021739130434782608
705 0.27	0.07000000000000006	0.0	-120.0	-120.0	0.0	0	0	2	0.01	0	0	0	0.01	0	0	0	0.021739130434782608
706 0.27	0.08999999999999997	0.0	-120.0	-120.0	0.0	0	0	2	0.01	0	0	0	0.01	0	0	0	0.021739130434782608
707 0.27	0.10999999999999999	0.0	-120.0	-120.0	0.0	0	0	2	0.01	0	0	0	0.01	0	0	0	0.021739130434782608
708 0.27	0.13	0.0	-120.0	-120.0	0.0	0	0	2	0.01	0	0	0	0.01	0	0	0	0.021739130434782608
709 0.29000000000000004	-0.07	0.0	-120.0	-120.0	0.0	0	0	2	0.01	0	0	0	0.01	0	0	0	0.021739130434782608
710 0.29000000000000004	-0.04999999999999999	0.0	-120.0	-120.0	0.0	0	0	2	0.01	0	0	0	0.01	0	0	0	0.021739130434782608
711 0.29000000000000004	-0.02999999999999997	0.0	-120.0	-120.0	0.0	0	0	2	0.01	0	0	0	0.01	0	0	0	0.021739130434782608
712 0.29000000000000004	-0.01000000000000001	0.0	-120.0	-120.0	0.0	0	0	2	0.01	0	0	0	0.01	0	0	0	0.021739130434782608
713 0.29000000000000004	0.010000000000000009	0.0	-120.0	-120.0	0.0	0	0	2	0.01	0	0	0	0.01	0	0	0	0.021739130434782608
714 0.29000000000000004	0.030000000000000027	0.0	-120.0	-120.0	0.0	0	0	2	0.01	0	0	0	0.01	0	0	0	0.021739130434782608
715 0.29000000000000004	0.050000000000000044	0.0	-120.0	-120.0	0.0	0	0	2	0.01	0	0	0	0.01	0	0	0	0.021739130434782608
716 0.29000000000000004	0.07000000000000006	0.0	-120.0	-120.0	0.0	0	0	2	0.01	0	0	0	0.01	0	0	0	0.021739130434782608
