0
0.013333333
0.026666667
0.04
0.053333333
0.066666667
0.08
0.093333333
0.106666667
0.12
0.133333333
0.146666667
0.16
0.173333333
0.186666667
0.2
0.213333333
0.226666667
0.24
0.253333333
0.266666667
0.28
0.293333333
0.306666667
0.32
0.333333333
0.346666667
0.36
0.373333333
0.386666667
0.4
0.413333333
0.426666667
0.44
0.453333333
0.466666667
0.48
0.493333333
0.506666667
0.52
0.533333333
0.546666667
0.56
0.573333333
0.586666667
0.6
0.613333333
0.626666667
0.64
0.653333333
0.666666667
0.68
0.693333333
0.706666667
0.72
0.733333333
0.746666667
0.76
0.773333333
0.786666667
0.8
0.813333333
0.826666667
0.84
0.853333333
0.866666667
0.88
0.893333333
0.906666667
0.92
0.933333333
0.946666667
0.96
0.973333333
0.986666667
1
