3.72008e-44
1.0087e-43
2.72143e-43
7.30573e-43
1.95145e-42
5.18658e-42
1.37161e-41
3.60921e-41
9.44975e-41
2.46183e-40
6.3815e-40
1.64595e-39
4.22415e-39
1.07868e-38
2.74076e-38
6.92912e-38
1.74307e-37
4.36295e-37
1.08661e-36
2.69275e-36
6.63968e-36
1.62902e-35
3.9768e-35
9.65985e-35
2.33472e-34
5.61473e-34
1.34354e-33
3.1989e-33
7.57845e-33
1.78644e-32
4.19009e-32
9.77886e-32
2.27081e-31
5.2469e-31
1.20629e-30
2.75951e-30
6.28115e-30
1.42257e-29
3.20582e-29
7.18839e-29
1.60381e-28
3.56043e-28
7.86469e-28
1.72858e-27
3.78028e-27
8.22598e-27
1.78107e-26
3.83708e-26
8.22528e-26
1.7544e-25
3.72336e-25
7.86268e-25
1.65209e-24
3.45403e-24
7.18534e-24
1.48729e-23
3.06319e-23
6.27741e-23
1.28002e-22
2.59704e-22
5.24289e-22
1.05315e-21
2.10494e-21
4.18617e-21
8.28368e-21
1.63101e-20
3.19537e-20
6.22891e-20
1.20818e-19
2.33174e-19
4.47773e-19
8.55586e-19
1.62666e-18
3.07724e-18
5.79231e-18
1.08486e-17
2.02172e-17
3.74884e-17
6.91675e-17
1.2698e-16
2.31952e-16
4.21589e-16
7.62446e-16
1.37201e-15
2.4566e-15
4.37662e-15
7.7584e-15
1.36847e-14
2.40173e-14
4.19415e-14
7.28772e-14
1.25999e-13
2.16757e-13
3.71028e-13
6.31929e-13
1.07092e-12
1.80583e-12
3.02987e-12
5.05825e-12
8.40243e-12
1.38879e-11
2.28402e-11
3.73757e-11
6.08567e-11
9.85951e-11
1.58939e-10
2.54938e-10
4.06881e-10
6.46143e-10
1.02098e-09
1.60523e-09
2.51121e-09
3.90894e-09
6.05428e-09
9.33029e-09
1.43072e-08
2.18296e-08
3.31408e-08
5.00622e-08
7.52462e-08
1.12535e-07
1.67464e-07
2.4796e-07
3.65317e-07
5.35535e-07
7.81149e-07
1.13373e-06
1.63724e-06
2.35258e-06
3.3636e-06
4.78512e-06
6.77345e-06
9.54016e-06
1.337e-05
1.86437e-05
2.58681e-05
3.57128e-05
4.90584e-05
6.70548e-05
9.1196e-05
0.00012341
0.00016617
0.00022263
0.000296786
0.000393669
0.000519575
0.000682328
0.000891594
0.00115923
0.00149969
0.00193045
0.00247256
0.00315111
0.00399585
0.00504176
0.00632972
0.00790705
0.00982819
0.0121552
0.0149581
0.0183156
0.0223149
0.0270518
0.0326308
0.0391639
0.0467706
0.0555762
0.0657103
0.0773047
0.0904914
0.105399
0.122151
0.140858
0.161621
0.18452
0.209611
0.236928
0.266468
0.298197
0.33204
0.367879
0.405555
0.444858
0.485537
0.527292
0.569783
0.612626
0.655406
0.697676
0.738968
0.778801
0.816686
0.852144
0.884706
0.913931
0.939413
0.960789
0.977751
0.99005
0.997503
1
0.997503
0.99005
0.977751
0.960789
0.939413
0.913931
0.884706
0.852144
0.816686
0.778801
0.738968
0.697676
0.655406
0.612626
0.569783
0.527292
0.485537
0.444858
0.405555
0.367879
0.33204
0.298197
0.266468
0.236928
0.209611
0.18452
0.161621
0.140858
0.122151
0.105399
0.0904914
0.0773047
0.0657103
0.0555762
0.0467706
0.0391639
0.0326308
0.0270518
0.0223149
0.0183156
0.0149581
0.0121552
0.00982819
0.00790705
0.00632972
0.00504176
0.00399585
0.00315111
0.00247256
0.00193045
0.00149969
0.00115923
0.000891594
0.000682328
0.000519575
0.000393669
0.000296786
0.00022263
0.00016617
0.00012341
9.1196e-05
6.70548e-05
4.90584e-05
3.57128e-05
2.58681e-05
1.86437e-05
1.337e-05
9.54016e-06
6.77345e-06
4.78512e-06
3.3636e-06
2.35258e-06
1.63724e-06
1.13373e-06
7.81149e-07
5.35535e-07
3.65317e-07
2.4796e-07
1.67464e-07
1.12535e-07
7.52462e-08
5.00622e-08
3.31408e-08
2.18296e-08
1.43072e-08
9.33029e-09
6.05428e-09
3.90894e-09
2.51121e-09
1.60523e-09
1.02098e-09
6.46143e-10
4.06881e-10
2.54938e-10
1.58939e-10
9.85951e-11
6.08567e-11
3.73757e-11
2.28402e-11
1.38879e-11
8.40243e-12
5.05825e-12
3.02987e-12
1.80583e-12
1.07092e-12
6.31929e-13
3.71028e-13
2.16757e-13
1.25999e-13
7.28772e-14
4.19415e-14
2.40173e-14
1.36847e-14
7.7584e-15
4.37662e-15
2.4566e-15
1.37201e-15
7.62446e-16
4.21589e-16
2.31952e-16
1.2698e-16
6.91675e-17
3.74884e-17
2.02172e-17
1.08486e-17
5.79231e-18
3.07724e-18
1.62666e-18
8.55586e-19
4.47773e-19
2.33174e-19
1.20818e-19
6.22891e-20
3.19537e-20
1.63101e-20
8.28368e-21
4.18617e-21
2.10494e-21
1.05315e-21
5.24289e-22
2.59704e-22
1.28002e-22
6.27741e-23
3.06319e-23
1.48729e-23
7.18534e-24
3.45403e-24
1.65209e-24
7.86268e-25
3.72336e-25
1.7544e-25
8.22528e-26
3.83708e-26
1.78107e-26
8.22598e-27
3.78028e-27
1.72858e-27
7.86469e-28
3.56043e-28
1.60381e-28
7.18839e-29
3.20582e-29
1.42257e-29
6.28115e-30
2.75951e-30
1.20629e-30
5.2469e-31
2.27081e-31
9.77886e-32
4.19009e-32
1.78644e-32
7.57845e-33
3.1989e-33
1.34354e-33
5.61473e-34
2.33472e-34
9.65985e-35
3.9768e-35
1.62902e-35
6.63968e-36
2.69275e-36
1.08661e-36
4.36295e-37
1.74307e-37
6.92912e-38
2.74076e-38
1.07868e-38
4.22415e-39
1.64595e-39
6.3815e-40
2.46183e-40
9.44975e-41
3.60921e-41
1.37161e-41
5.18658e-42
1.95145e-42
7.30573e-43
2.72143e-43
1.0087e-43
3.72008e-44
1.36512e-44
4.98448e-45
1.81091e-45
6.54639e-46
2.3547e-46
8.42749e-47
3.00116e-47
1.06343e-47
3.74936e-48
1.31533e-48
4.59133e-49
1.59467e-49
5.51105e-50
1.89507e-50
6.48401e-51
2.20745e-51
7.4777e-52
2.52042e-52
8.4529e-53
2.82077e-53
9.36608e-54
3.0944e-54
1.01724e-54
3.32736e-55
1.08294e-55
3.50701e-56
1.13005e-56
3.62317e-57
1.15587e-57
3.66906e-58
1.15886e-58
3.64195e-59
1.13885e-59
3.54347e-60
1.09703e-60
3.37937e-61
1.03582e-61
3.15906e-62
9.58655e-63
2.89464e-63
8.69672e-64
2.59983e-64
7.73326e-65
2.28881e-65
6.74038e-66
1.97509e-66
5.75864e-67
1.67063e-67
4.82247e-68
1.38512e-68
3.95852e-69
1.12566e-69
3.18501e-70
8.96691e-71
2.51191e-71
7.00152e-72
1.94182e-72
5.35865e-73
1.4714e-73
4.02006e-74
1.09286e-74
2.95613e-75
7.95632e-76
2.13074e-76
5.67773e-77
1.50539e-77
3.97147e-78
1.04252e-78
2.72297e-79
7.0767e-80
1.82998e-80
4.70861e-81
1.2055e-81
3.07092e-82
7.78394e-83
1.96317e-83
4.92659e-84
1.23016e-84
3.05639e-85
7.55582e-86
1.85859e-86
4.54898e-87
1.10783e-87
2.68448e-88
6.47257e-89
1.55282e-89
3.70676e-90
8.80433e-91
2.08078e-91
4.89311e-92
1.14491e-92
2.66556e-93
6.17494e-94
1.42333e-94
3.26443e-95
7.44966e-96
1.69159e-96
3.82192e-97
8.59207e-98
1.92195e-98
4.27774e-99
9.4736e-100
2.08759e-100
4.57723e-101
9.98595e-102
2.16773e-102
4.68218e-103
1.00628e-103
2.1519e-104
4.57879e-105
9.69412e-106
2.04218e-106
4.28065e-107
8.92798e-108
1.85279e-108
3.82583e-109
7.86058e-110
1.60699e-110
3.26887e-111
6.61626e-112
1.33246e-112
2.6701e-113
5.32387e-114
1.05622e-114
2.08504e-115
4.09543e-116
8.00412e-117
1.55653e-117
3.01181e-118
5.79866e-119
1.11085e-119
2.11745e-120
4.01604e-121
7.579e-122
1.42316e-122
2.65904e-123
4.94339e-124
9.14435e-125
1.6831e-125
3.08244e-126
5.61705e-127
1.01848e-127
1.83747e-128
3.29853e-129
5.8918e-130
1.04714e-130
1.85178e-131
3.25839e-132
5.70485e-133
9.93836e-134
1.72272e-134
2.97126e-135
5.09914e-136
8.70727e-137
1.47943e-137
2.50113e-138
4.20733e-139
7.04215e-140
1.17282e-140
1.94351e-141
3.20459e-142
5.25757e-143
8.58274e-144
1.39411e-144
2.25317e-145
3.62344e-146
5.79797e-147
9.23124e-148
1.46242e-148
2.30523e-149
3.61562e-150
5.64262e-151
8.76209e-152
1.35383e-152
2.08136e-153
3.18389e-154
4.84617e-155
7.33953e-156
1.10603e-156
1.65841e-157
2.47427e-158
3.67308e-159
5.42553e-160
7.97411e-161
1.16614e-161
1.69687e-162
2.45683e-163
3.53939e-164
5.07355e-165
7.23641e-166
1.02698e-166
1.45021e-167
2.03765e-168
2.84875e-169
3.96286e-170
5.48519e-171
7.55444e-172
1.03524e-172
1.4116e-173
1.91517e-174
2.58543e-175
3.47285e-176
4.64161e-177
6.17276e-178
8.16806e-179
1.07544e-179
1.40891e-180
1.83657e-181
2.38211e-182
3.07428e-183
3.94779e-184
5.04422e-185
6.413e-186
8.11255e-187
1.02113e-187
1.2789e-188
1.59374e-189
1.97618e-190
2.43818e-191
2.99318e-192
3.65619e-193
4.44379e-194
5.37411e-195
6.46678e-196
7.7428e-197
9.22437e-198
1.09346e-198
1.28973e-199
1.51364e-200
1.76757e-201
2.05379e-202
2.37447e-203
2.73152e-204
3.12659e-205
3.56096e-206
4.03544e-207
4.55033e-208
5.10533e-209
5.69945e-210
6.33098e-211
6.99741e-212
7.69542e-213
8.42084e-214
9.1687e-215
9.93317e-216
1.07077e-216
1.14851e-217
1.22575e-218
1.30165e-219
1.37537e-220
1.44601e-221
1.51269e-222
1.57456e-223
1.63078e-224
1.68059e-225
1.72328e-226
1.75824e-227
1.78497e-228
1.80306e-229
1.81225e-230
1.81241e-231
1.80352e-232
1.78573e-233
1.75929e-234
1.7246e-235
1.68217e-236
1.63259e-237
1.57657e-238
1.51488e-239
1.44835e-240
1.37783e-241
1.3042e-242
1.22836e-243
1.15115e-244
1.07342e-245
9.95941e-247
9.19448e-248
8.44596e-249
7.71968e-250
7.02067e-251
6.3531e-252
5.72034e-253
5.12491e-254
4.56856e-255
4.0523e-256
3.57644e-257
3.14073e-258
2.74434e-259
2.38601e-260
2.06413e-261
1.77677e-262
1.52178e-263
1.29688e-264
1.09971e-265
9.27868e-267
7.78972e-268
6.50707e-269
5.40852e-270
4.473e-271
3.68086e-272
3.01389e-273
2.45546e-274
1.99053e-275
1.60558e-276
1.28862e-277
1.02907e-278
8.17701e-280
6.46505e-281
5.08602e-282
3.98119e-283
3.10082e-284
2.40308e-285
1.85306e-286
1.4218e-287
1.08546e-288
8.24558e-290
6.2324e-291
4.68726e-292
3.5076e-293
2.61174e-294
1.93499e-295
1.42645e-296
1.04631e-297
7.63653e-299
5.54573e-300
4.00728e-301
2.88117e-302
2.06119e-303
1.46722e-304
1.0392e-305
7.32376e-307
5.13566e-308
3.58333e-309
2.48775e-310
1.71852e-311
1.18122e-312
8.0786e-314
5.49756e-315
3.72248e-316
2.50797e-317
1.68129e-318
1.12148e-319
7.44557e-321
4.89125e-322
3.45846e-323
0
0
0
0
0
0
0
0
0
0
0
0
0
0
0
0
0
0
0
0
0
0
0
0
0
0
0
0
0
0
0
0
0
0
0
0
0
0
0
0
0
0
0
0
0
0
0
0
0
0
0
0
0
0
0
0
0
0
0
0
0
0
0
0
0
0
0
0
0
0
0
0
0
0
0
0
0
0
0
0
0
0
0
0
0
0
0
0
0
0
0
0
0
0
0
0
0
0
0
0
0
0
0
0
0
0
0
0
0
0
0
0
0
0
0
0
0
0
0
0
0
0
0
0
0
0
0
0
0
0
0
0
0
0
0
0
0
0
0
0
0
0
0
0
0
0
0
0
0
0
0
0
0
0
0
0
0
0
0
0
0
0
0
0
0
0
0
0
0
0
0
0
0
0
0
0
0
0
0
0
0
0
0
0
0
0
0
0
0
0
0
0
0
0
0
0
0
0
0
0
0
0
0
0
0
0
0
0
0
0
0
0
0
0
0
0
0
0
0
0
0
0
0
0
0
0
0
0
0
0
0
0
0
0
0
0
0
0
0
0
0
0
0
0
0
0
0
0
0
0
0
0
0
0
0
0
0
0
0
0
0
0
0
0
0
0
0
0
0
0
0
0
0
0
0
0
0
0
0
0
0
0
0
0
0
0
0
0
0
0
0
0
0
0
0
0
0
0
0
0
0
0
0
0
0
0
0
0
0
0
0
0
0
0
0
0
0
0
0
0
0
0
0
0
0
0
0
0
0
0
0
0
0
0
0
0
0
0
0
0
0
0
0
0
0
0
0
0
0
0
0
0
0
0
0
0
0
0
0
0
0
0
0
0
0
0
0
0
0
0
0
0
0
0
0
0
0
0
0
0
0
0
0
0
0
0
0
0
0
0
0
0
0
0
0
0
0
0
0
0
0
0
0
0
0
0
0
0
0
0
0
0
0
0
0
0
0
0
0
0
0
0
0
0
0
0
0
0
0
0
0
0
0
0
0
0
0
0
0
0
0
0
0
0
0
0
0
0
0
0
0
0
0
0
0
0
0
0
0
0
0
0
0
0
0
0
0
0
0
0
0
0
0
0
0
0
0
0
0
0
0
0
0
0
0
0
0
0
0
0
0
0
0
0
0
0
0
0
0
0
0
0
0
0
0
0
0
0
0
0
0
0
0
0
0
0
0
0
0
0
0
0
0
0
0
0
0
0
0
0
0
0
0
0
0
0
0
0
0
0
0
0
0
0
0
0
0
0
0
0
0
0
0
0
0
0
0
0
0
0
0
0
0
0
0
0
0
0
0
0
0
0
0
0
0
0
0
0
0
0
0
0
0
0
0
0
0
0
0
0
0
0
0
0
0
0
0
0
0
0
0
0
0
0
0
0
0
0
0
0
0
0
0
0
0
0
0
0
0
0
0
0
0
0
0
0
0
0
0
0
0
0
0
0
0
0
0
0
0
0
0
0
0
0
0
0
0
0
0
0
0
0
0
0
0
0
0
0
0
0
0
0
0
0
0
0
0
0
0
0
0
0
0
0
0
0
0
0
0
0
0
0
0
0
0
0
0
0
0
0
0
0
0
0
0
0
0
0
0
0
0
0
0
0
0
0
0
0
0
0
0
0
0
0
0
0
0
0
0
0
0
0
0
0
0
0
0
0
0
0
0
0
0
0
0
0
0
0
0
0
0
0
0
0
0
0
0
0
0
0
0
0
0
0
0
