1.24003e-44
3.36233e-44
9.07143e-44
2.43524e-43
6.50483e-43
1.72886e-42
4.57203e-42
1.20307e-41
3.14992e-41
8.2061e-41
2.12717e-40
5.4865e-40
1.40805e-39
3.5956e-39
9.13587e-39
2.30971e-38
5.81023e-38
1.45432e-37
3.62203e-37
8.97583e-37
2.21323e-36
5.43007e-36
1.3256e-35
3.21995e-35
7.7824e-35
1.87158e-34
4.47847e-34
1.0663e-33
2.52615e-33
5.9548e-33
1.3967e-32
3.25962e-32
7.56937e-32
1.74897e-31
4.02097e-31
9.19837e-31
2.09372e-30
4.7419e-30
1.06861e-29
2.39613e-29
5.34603e-29
1.18681e-28
2.62156e-28
5.76193e-28
1.26009e-27
2.74199e-27
5.9369e-27
1.27903e-26
2.74176e-26
5.848e-26
1.24112e-25
2.62089e-25
5.50697e-25
1.15134e-24
2.39511e-24
4.95763e-24
1.02106e-23
2.09247e-23
4.26673e-23
8.6568e-23
1.74763e-22
3.5105e-22
7.01647e-22
1.39539e-21
2.76123e-21
5.4367e-21
1.06512e-20
2.0763e-20
4.02727e-20
7.77247e-20
1.49258e-19
2.85195e-19
5.4222e-19
1.02575e-18
1.93077e-18
3.6162e-18
6.73907e-18
1.24961e-17
2.30558e-17
4.23267e-17
7.73173e-17
1.4053e-16
2.54149e-16
4.57337e-16
8.18867e-16
1.45887e-15
2.58613e-15
4.56157e-15
8.00577e-15
1.39805e-14
2.42924e-14
4.19997e-14
7.22523e-14
1.23676e-13
2.10643e-13
3.56973e-13
6.01943e-13
1.00996e-12
1.68608e-12
2.80081e-12
4.6293e-12
7.6134e-12
1.24586e-11
2.02856e-11
3.2865e-11
5.29797e-11
8.49793e-11
1.35627e-10
2.15381e-10
3.40327e-10
5.35077e-10
8.3707e-10
1.30298e-09
2.01809e-09
3.1101e-09
4.76907e-09
7.27653e-09
1.10469e-08
1.66874e-08
2.50821e-08
3.75117e-08
5.58213e-08
8.26533e-08
1.21772e-07
1.78512e-07
2.60383e-07
3.7791e-07
5.45747e-07
7.84193e-07
1.1212e-06
1.59504e-06
2.25782e-06
3.18005e-06
4.45667e-06
6.21457e-06
8.6227e-06
1.19043e-05
1.63528e-05
2.23516e-05
3.03987e-05
4.11367e-05
5.539e-05
7.421e-05
9.89287e-05
0.000131223
0.000173192
0.000227443
0.000297198
0.00038641
0.000499897
0.000643483
0.000824187
0.00105037
0.00133195
0.00168059
0.00210991
0.00263568
0.00327606
0.00405173
0.00498603
0.0061052
0.0074383
0.00901727
0.0108769
0.0130546
0.0155902
0.0185254
0.0219034
0.0257682
0.0301638
0.035133
0.040717
0.0469527
0.0538737
0.0615067
0.0698703
0.078976
0.0888227
0.099399
0.11068
0.122626
0.135185
0.148286
0.161846
0.175764
0.189928
0.204209
0.218469
0.232559
0.246323
0.2596
0.272229
0.284048
0.294902
0.304644
0.313138
0.320263
0.325917
0.330017
0.332501
0.333333
0.332501
0.330017
0.325917
0.320263
0.313138
0.304644
0.294902
0.284048
0.272229
0.2596
0.246323
0.232559
0.218469
0.204209
0.189928
0.175764
0.161846
0.148286
0.135185
0.122626
0.11068
0.099399
0.0888227
0.078976
0.0698703
0.0615067
0.0538737
0.0469527
0.040717
0.035133
0.0301638
0.0257682
0.0219034
0.0185254
0.0155902
0.0130546
0.0108769
0.00901727
0.0074383
0.0061052
0.00498603
0.00405173
0.00327606
0.00263568
0.00210991
0.00168059
0.00133195
0.00105037
0.000824187
0.000643483
0.000499897
0.00038641
0.000297198
0.000227443
0.000173192
0.000131223
9.89287e-05
7.421e-05
5.539e-05
4.11367e-05
3.03987e-05
2.23516e-05
1.63528e-05
1.19043e-05
8.6227e-06
6.21457e-06
4.45667e-06
3.18005e-06
2.25782e-06
1.59504e-06
1.1212e-06
7.84193e-07
5.45747e-07
3.7791e-07
2.60383e-07
1.78512e-07
1.21772e-07
8.26533e-08
5.58213e-08
3.75117e-08
2.50821e-08
1.66874e-08
1.10469e-08
7.27653e-09
4.76907e-09
3.1101e-09
2.01809e-09
1.30298e-09
8.3707e-10
5.35077e-10
3.40327e-10
2.15381e-10
1.35627e-10
8.49793e-11
5.29797e-11
3.2865e-11
2.02856e-11
1.24586e-11
7.6134e-12
4.6293e-12
2.80081e-12
1.68608e-12
1.00996e-12
6.01943e-13
3.56973e-13
2.10643e-13
1.23676e-13
7.22523e-14
4.19997e-14
2.42924e-14
1.39805e-14
8.00577e-15
4.56157e-15
2.58613e-15
1.45887e-15
8.18867e-16
4.57337e-16
2.54149e-16
1.4053e-16
7.73173e-17
4.23267e-17
2.30558e-17
1.24961e-17
6.73907e-18
3.6162e-18
1.93077e-18
1.02575e-18
5.4222e-19
2.85195e-19
1.49258e-19
7.77247e-20
4.02727e-20
2.0763e-20
1.06512e-20
5.4367e-21
2.76123e-21
1.39539e-21
7.01647e-22
3.5105e-22
1.74763e-22
8.6568e-23
4.26673e-23
2.09247e-23
1.02106e-23
4.95763e-24
2.39511e-24
1.15134e-24
5.50697e-25
2.62089e-25
1.24112e-25
5.848e-26
2.74176e-26
1.27903e-26
5.9369e-27
2.74199e-27
1.26009e-27
5.76193e-28
2.62156e-28
1.18681e-28
5.34603e-29
2.39613e-29
1.06861e-29
4.7419e-30
2.09372e-30
9.19837e-31
4.02097e-31
1.74897e-31
7.56937e-32
3.25962e-32
1.3967e-32
5.9548e-33
2.52615e-33
1.0663e-33
4.47847e-34
1.87158e-34
7.7824e-35
3.21995e-35
1.3256e-35
5.43007e-36
2.21323e-36
8.97583e-37
3.62203e-37
1.45432e-37
5.81023e-38
2.30971e-38
9.13587e-39
3.5956e-39
1.40805e-39
5.4865e-40
2.12717e-40
8.2061e-41
3.14992e-41
1.20307e-41
4.57203e-42
1.72886e-42
6.50483e-43
2.43524e-43
9.07143e-44
3.36233e-44
1.24003e-44
4.5504e-45
1.66149e-45
6.03637e-46
2.18213e-46
7.849e-47
2.80916e-47
1.00039e-47
3.54477e-48
1.24979e-48
4.38443e-49
1.53044e-49
5.31557e-50
1.83702e-50
6.3169e-51
2.16134e-51
7.35817e-52
2.49257e-52
8.4014e-53
2.81763e-53
9.40257e-54
3.12203e-54
1.03147e-54
3.3908e-55
1.10912e-55
3.6098e-56
1.169e-56
3.76683e-57
1.20772e-57
3.8529e-58
1.22302e-58
3.86287e-59
1.21398e-59
3.79617e-60
1.18116e-60
3.65677e-61
1.12646e-61
3.45273e-62
1.05302e-62
3.19552e-63
9.6488e-64
2.89891e-64
8.6661e-65
2.57775e-65
7.62937e-66
2.24679e-66
6.58363e-67
1.91955e-67
5.56877e-68
1.60749e-68
4.61707e-69
1.31951e-69
3.7522e-70
1.06167e-70
2.98897e-71
8.37303e-72
2.33384e-72
6.47273e-73
1.78622e-73
4.90467e-74
1.34002e-74
3.64287e-75
9.85377e-76
2.65211e-76
7.10247e-77
1.89258e-77
5.01797e-78
1.32382e-78
3.47507e-79
9.07657e-80
2.3589e-80
6.09993e-81
1.56954e-81
4.01833e-82
1.02364e-82
2.59465e-83
6.5439e-84
1.6422e-84
4.10053e-85
1.0188e-85
2.51861e-86
6.1953e-87
1.51633e-87
3.69277e-88
8.94827e-89
2.15752e-89
5.17607e-90
1.23559e-90
2.93478e-91
6.93593e-92
1.63104e-92
3.81637e-93
8.8852e-94
2.05831e-94
4.74443e-95
1.08814e-95
2.48322e-96
5.63863e-97
1.27397e-97
2.86402e-98
6.4065e-99
1.42591e-99
3.15787e-100
6.95863e-101
1.52574e-101
3.32865e-102
7.22577e-103
1.56073e-103
3.35427e-104
7.173e-105
1.52626e-105
3.23137e-106
6.80727e-107
1.42688e-107
2.97599e-108
6.17597e-109
1.27528e-109
2.62019e-110
5.35663e-111
1.08962e-111
2.20542e-112
4.44153e-113
8.90033e-114
1.77462e-114
3.52073e-115
6.95013e-116
1.36514e-116
2.66804e-117
5.18843e-118
1.00394e-118
1.93289e-119
3.70283e-120
7.05817e-121
1.33868e-121
2.52633e-122
4.74387e-123
8.86347e-124
1.6478e-124
3.04812e-125
5.61033e-126
1.02748e-126
1.87235e-127
3.39493e-128
6.1249e-129
1.09951e-129
1.96393e-130
3.49047e-131
6.1726e-132
1.08613e-132
1.90162e-133
3.31279e-134
5.7424e-135
9.9042e-136
1.69971e-136
2.90242e-137
4.93143e-138
8.3371e-139
1.40244e-139
2.34738e-140
3.9094e-141
6.47837e-142
1.0682e-142
1.75252e-143
2.86091e-144
4.64703e-145
7.51057e-146
1.20781e-146
1.93266e-147
3.07708e-148
4.87473e-149
7.6841e-150
1.20521e-150
1.88087e-151
2.9207e-152
4.51277e-153
6.93787e-154
1.0613e-154
1.61539e-155
2.44651e-156
3.68677e-157
5.52803e-158
8.24757e-159
1.22436e-159
1.80851e-160
2.65804e-161
3.88713e-162
5.65623e-163
8.18943e-164
1.1798e-164
1.69118e-165
2.41214e-166
3.42327e-167
4.83403e-168
6.79217e-169
9.49583e-170
1.32095e-170
1.8284e-171
2.51815e-172
3.4508e-173
4.70533e-174
6.3839e-175
8.6181e-176
1.15762e-176
1.5472e-177
2.05759e-178
2.72269e-179
3.5848e-180
4.69637e-181
6.1219e-182
7.94037e-183
1.02476e-183
1.31593e-184
1.68141e-185
2.13767e-186
2.70418e-187
3.40377e-188
4.263e-189
5.31247e-190
6.58727e-191
8.12727e-192
9.97727e-193
1.21873e-193
1.48126e-194
1.79137e-195
2.15559e-196
2.58093e-197
3.07479e-198
3.64487e-199
4.2991e-200
5.04547e-201
5.8919e-202
6.84597e-203
7.9149e-204
9.10507e-205
1.0422e-205
1.18699e-206
1.34515e-207
1.51678e-208
1.70178e-209
1.89982e-210
2.11033e-211
2.33247e-212
2.56514e-213
2.80695e-214
3.05623e-215
3.31106e-216
3.56923e-217
3.82837e-218
4.08583e-219
4.33883e-220
4.58457e-221
4.82003e-222
5.0423e-223
5.24853e-224
5.43593e-225
5.60197e-226
5.74427e-227
5.8608e-228
5.9499e-229
6.0102e-230
6.04083e-231
6.04137e-232
6.01173e-233
5.95243e-234
5.8643e-235
5.74867e-236
5.60723e-237
5.44197e-238
5.25523e-239
5.0496e-240
4.82783e-241
4.59277e-242
4.34733e-243
4.09453e-244
3.83717e-245
3.57807e-246
3.3198e-247
3.06483e-248
2.81532e-249
2.57323e-250
2.34022e-251
2.1177e-252
1.90678e-253
1.7083e-254
1.52285e-255
1.35077e-256
1.19215e-257
1.04691e-258
9.1478e-260
7.95337e-261
6.88043e-262
5.92257e-263
5.0726e-264
4.32293e-265
3.6657e-266
3.09289e-267
2.59657e-268
2.16902e-269
1.80284e-270
1.491e-271
1.22695e-272
1.00463e-273
8.18487e-275
6.6351e-276
5.35193e-277
4.2954e-278
3.43023e-279
2.72567e-280
2.15502e-281
1.69534e-282
1.32706e-283
1.03361e-284
8.01027e-286
6.17687e-287
4.73933e-288
3.6182e-289
2.74853e-290
2.07747e-291
1.56242e-292
1.1692e-293
8.7058e-295
6.44997e-296
4.75483e-297
3.4877e-298
2.54551e-299
1.84858e-300
1.33576e-301
9.6039e-303
6.87063e-304
4.89073e-305
3.464e-306
2.44125e-307
1.71189e-308
0
0
0
0
0
0
0
0
0
0
0
0
0
0
0
0
0
0
0
0
0
0
0
0
0
0
0
0
0
0
0
0
0
0
0
0
0
0
0
0
0
0
0
0
0
0
0
0
0
0
0
0
0
0
0
0
0
0
0
0
0
0
0
0
0
0
0
0
0
0
0
0
0
0
0
0
0
0
0
0
0
0
0
0
0
0
0
0
0
0
0
0
0
0
0
0
0
0
0
0
0
0
0
0
0
0
0
0
0
0
0
0
0
0
0
0
0
0
0
0
0
0
0
0
0
0
0
0
0
0
0
0
0
0
0
0
0
0
0
0
0
0
0
0
0
0
0
0
0
0
0
0
0
0
0
0
0
0
0
0
0
0
0
0
0
0
0
0
0
0
0
0
0
0
0
0
0
0
0
0
0
0
0
0
0
0
0
0
0
0
0
0
0
0
0
0
0
0
0
0
0
0
0
0
0
0
0
0
0
0
0
0
0
0
0
0
0
0
0
0
0
0
0
0
0
0
0
0
0
0
0
0
0
0
0
0
0
0
0
0
0
0
0
0
0
0
0
0
0
0
0
0
0
0
0
0
0
0
0
0
0
0
0
0
0
0
0
0
0
0
0
0
0
0
0
0
0
0
0
0
0
0
0
0
0
0
0
0
0
0
0
0
0
0
0
0
0
0
0
0
0
0
0
0
0
0
0
0
0
0
0
0
0
0
0
0
0
0
0
0
0
0
0
0
0
0
0
0
0
0
0
0
0
0
0
0
0
0
0
0
0
0
0
0
0
0
0
0
0
0
0
0
0
0
0
0
0
0
0
0
0
0
0
0
0
0
0
0
0
0
0
0
0
0
0
0
0
0
0
0
0
0
0
0
0
0
0
0
0
0
0
0
0
0
0
0
0
0
0
0
0
0
0
0
0
0
0
0
0
0
0
0
0
0
0
0
0
0
0
0
0
0
0
0
0
0
0
0
0
0
0
0
0
0
0
0
0
0
0
0
0
0
0
0
0
0
0
0
0
0
0
0
0
0
0
0
0
0
0
0
0
0
0
0
0
0
0
0
0
0
0
0
0
0
0
0
0
0
0
0
0
0
0
0
0
0
0
0
0
0
0
0
0
0
0
0
0
0
0
0
0
0
0
0
0
0
0
0
0
0
0
0
0
0
0
0
0
0
0
0
0
0
0
0
0
0
0
0
0
0
0
0
0
0
0
0
0
0
0
0
0
0
0
0
0
0
0
0
0
0
0
0
0
0
0
0
0
0
0
0
0
0
0
0
0
0
0
0
0
0
0
0
0
0
0
0
0
0
0
0
0
0
0
0
0
0
0
0
0
0
0
0
0
0
0
0
0
0
0
0
0
0
0
0
0
0
0
0
0
0
0
0
0
0
0
0
0
0
0
0
0
0
0
0
0
0
0
0
0
0
0
0
0
0
0
0
0
0
0
0
0
0
0
0
0
0
0
0
0
0
0
0
0
0
0
0
0
0
0
0
0
0
0
0
0
0
0
0
0
0
0
0
0
0
0
0
0
0
0
0
0
0
0
0
0
0
0
0
0
0
0
0
0
0
0
0
0
0
0
0
0
0
0
0
0
0
0
0
0
0
0
0
0
0
0
0
0
0
0
0
0
0
0
0
0
0
0
0
0
0
0
0
0
0
0
0
0
0
0
0
0
0
0
0
0
0
0
0
0
0
0
0
0
0
0
0
0
0
0
0
0
0
0
0
0
0
0
0
