# Rs[sm3/sm3]	Pbub[Pa]	Bo[m3/sm3]	Visc(Pa.s)
0.287714585	101352.972	1.01349948	1.66E-03
		1986055.703	0.998503764	1.96E-03
		3795131.863	0.998122288	1.97E-03
		5604208.022	0.997987133	1.97E-03
		9222360.339	0.997875911	1.98E-03
		23694969.61	0.997770699	1.980001E-03
10.34466478	1986055.703	1.038449198	1.44E-03
		3795131.863	1.029316327	1.58E-03
		5604208.022	1.026099074	1.64E-03
		7413284.183	1.024455938	1.66E-03
		9222360.339	1.023458729	1.68E-03
		11031436.5	1.022789135	1.69E-03
		12840512.66	1.022308488	1.70E-03
		14649588.82	1.0219467	1.71E-03
		16458664.98	1.021664533	1.720001E-03
		18267741.14	1.021438309	1.720002E-03
		20076817.29	1.021252892	1.720003E-03
		21885893.46	1.021098154	1.73E-03
		23694969.61	1.020967062	1.730001E-03
		25504045.78	1.020854581	1.730002E-03
		29122198.09	1.020671569	1.730003E-03
		34473800	1.020471346	1.74E-03
 22.55921056	3795131.863	1.069335875	1.22E-03
		5604208.022	1.061782196	1.31E-03
	7413284.183	1.057935865	1.36E-03
	9222360.339	1.055605351	1.39E-03
	11031436.5	1.054042097	1.41E-03
	12840512.66	1.052920759	1.43E-03
	14649588.82	1.052077157	1.44E-03
	16458664.98	1.051419475	1.45E-03
	18267741.14	1.050892353	1.46E-03
	20076817.29	1.050460423	1.46E-03
	21885893.46	1.050100035	1.47E-03
	23694969.61	1.049794775	1.47E-03
	25504045.78	1.049532891	1.48E-03
	27313121.93	1.049305751	1.480001E-03
	29122198.09	1.049106872	1.480002E-03
	30931274.26	1.048931288	1.49E-03
	34473800	1.048640899	1.49E-03				
36.06997989	5604208.022	1.104222667	1.03E-03
	7413284.183	1.097304819	1.09E-03
	9222360.339	1.093122195	1.13E-03
	11031436.5	1.090320373	1.16E-03
	12840512.66	1.08831247	1.18E-03
	14649588.82	1.086802919	1.20E-03
	16458664.98	1.085626671	1.21E-03
	18267741.14	1.084684313	1.22E-03
	20076817.29	1.083912393	1.23E-03
	21885893.46	1.083268507	1.24E-03
	23694969.61	1.082723239	1.24E-03
	25504045.78	1.082255546	1.25E-03
	27313121.93	1.081849971	1.250001E-03
	29122198.09	1.081494909	1.26E-03
	30931274.26	1.081181477	1.260001E-03
	34473800	1.080663195	1.27E-03
50.51583862	7413284.183	1.142331858	8.66E-04
	9222360.339	1.135671772	9.12E-04
	11031436.5	1.131217927	9.45E-04
	12840512.66	1.128029852	9.70E-04
	14649588.82	1.125635099	9.89E-04
	16458664.98	1.123770321	1.00E-03
	18267741.14	1.122277118	1.02E-03
	20076817.29	1.121054494	1.03E-03
	21885893.46	1.120035012	1.04E-03
	23694969.61	1.119171928	1.04E-03
	25504045.78	1.118431816	1.05E-03
	27313121.93	1.117790143	1.06E-03
	29122198.09	1.117228494	1.060001E-03
	30931274.26	1.116732778	1.07E-03
	34473800	1.115913241	1.070001E-03
65.70593795	9222360.339	1.183267187	7.31E-04
	11031436.5	1.176673867	7.66E-04
	12840512.66	1.17196107	7.93E-04
	14649588.82	1.168424701	8.14E-04
	16458664.98	1.165673154	8.30E-04
	18267741.14	1.163471266	8.44E-04
	20076817.29	1.161669296	8.56E-04
	21885893.46	1.160167362	8.66E-04
	23694969.61	1.15889629	8.74E-04
	25504045.78	1.157806649	8.82E-04
	27313121.93	1.156862182	8.88E-04
	29122198.09	1.156035689	8.94E-04
	30931274.26	1.155306365	8.99E-04
	34473800	1.154100919	9.07E-04
81.51992243	11031436.5	1.226780204	6.20E-04
	12840512.66	1.220141801	6.48E-04
	14649588.82	1.215166669	6.69E-04
	16458664.98	1.211299326	6.87E-04
	18267741.14	1.208206852	7.01E-04
	20076817.29	1.20567758	7.13E-04
	21885893.46	1.203570499	7.24E-04
	23694969.61	1.201788045	7.33E-04
	25504045.78	1.200260565	7.41E-04
	27313121.93	1.198937003	7.48E-04
	29122198.09	1.197779079	7.54E-04
	30931274.26	1.196757531	7.59E-04
	34473800	1.195069588	7.68E-04
97.87412933	12840512.66	1.272693106	5.30E-04
	14649588.82	1.265936762	5.52E-04
	16458664.98	1.2606906	5.69E-04
	18267741.14	1.256499217	5.84E-04
	20076817.29	1.253073583	5.96E-04
	21885893.46	1.250221423	6.07E-04
	23694969.61	1.24780986	6.16E-04
	25504045.78	1.245744125	6.24E-04
	27313121.93	1.243954807	6.31E-04
	29122198.09	1.242389905	6.38E-04
	30931274.26	1.241009693	6.43E-04
	34473800	1.238729896	6.53E-04
114.7066431	14649588.82	1.320865562	4.57E-04
	16458664.98	1.313939771	4.74E-04
	18267741.14	1.308411966	4.89E-04
	20076817.29	1.303897707	5.01E-04
	21885893.46	1.300141669	5.11E-04
	23694969.61	1.296967636	5.21E-04
	25504045.78	1.294250068	5.29E-04
	27313121.93	1.291897108	5.36E-04
	29122198.09	1.289839994	5.42E-04
	30931274.26	1.288026233	5.48E-04
	34473800	1.285031484	5.58E-04
131.9695849	16458664.98	1.371178109	3.97E-04
	18267741.14	1.364044024	4.11E-04
	20076817.29	1.358223307	4.23E-04
	21885893.46	1.353383887	4.33E-04
	23694969.61	1.34929693	4.42E-04
	25504045.78	1.345799613	4.50E-04
	27313121.93	1.342772928	4.57E-04
	29122198.09	1.340127871	4.64E-04
	30931274.26	1.337796548	4.69E-04
	34473800	1.333948947	4.79E-04
149.624704	18267741.14	1.423522991	3.48E-04
	20076817.29	1.416149761	3.60E-04
	21885893.46	1.410024715	3.69E-04
	23694969.61	1.404855683	3.78E-04
	25504045.78	1.40043507	3.86E-04
	27313121.93	1.396611323	3.93E-04
	29122198.09	1.393271216	3.99E-04
	30931274.26	1.390328456	4.04E-04
	34473800	1.385474146	4.14E-04
			
