8371.173071
7247.448714
6123.724357
5000
4330.127019
3872.983346
3535.533906
3273.268354
3061.862178
2886.751346
2738.612788
2611.164839
2500
2401.922307
2314.550249
2236.067977
2165.063509
2100.420126
2041.241452
1986.798536
1936.491673
1889.822365
1846.372365
1805.787796
1767.766953
1732.050808
1698.415551
1666.666667
1636.634177
1608.168802
1581.13883
1555.427542
1530.931089
1507.556723
1485.221314
1463.850109
1443.375673
1423.736994
1404.878717
1386.750491
1369.306394
1352.504452
1336.30621
1320.676359
1305.58242
1290.994449
1276.884796
1263.227882
1250
1237.179148
1224.744871
1212.678125
1200.961154
1189.577379
1178.511302
1167.748416
1157.275125
1147.078669
1137.147065
1127.469042
1118.033989
1108.831906
1099.853363
1091.089451
1082.531755
1074.172311
1066.003582
1058.018424
1050.210063
1042.57207
1035.098339
1027.783065
1020.620726
1013.606068
1006.734083
1000
