# Rs[sm3/sm3]	Pbub[Pa]	Bo[m3/sm3]	Visc(Pa.s)

  2	            2000000	    1.02	    0.000975
  5	            5000000	    1.03	    0.00091
 10	            10000000	1.04	    0.00083
 15	            20000000	1.05	    0.000695
                90000000	1.03	    0.000985  -- some line comment
 30	            30000000	1.07	    0.000594
 40	            40000000	1.08	    0.00051
                50000000	1.07	    0.000549  -- another one
                90000000	1.06	    0.00074
 50	            50000000.7	1.09	    0.000449
                90000000.7	1.08	    0.000605