# column 1 = time
# column 2 = axial_strain
# column 3 = radial_strain_1
# column 4 = radial_strain_2
# column 5 = axial_stress
# column 6 = radial_stress_1
# column 7 = radial_stress_2
# column 8 = newton_iter
# column 9 = residual_norm
0.0000e+00 0.0000e+00 0.0000e+00 0.0000e+00 -1.0000e+07 -1.0000e+07 -1.0000e+07 0.0000e+00 0.0000e+00 
2.5000e-02 -1.0000e-04 2.5000e-05 2.5000e-05 -1.1500e+07 -1.0000e+07 -1.0000e+07 1.0000e+00 0.0000e+00 
5.0000e-02 -2.0000e-04 5.0000e-05 5.0000e-05 -1.3000e+07 -1.0000e+07 -1.0000e+07 1.0000e+00 0.0000e+00 
7.5000e-02 -3.0000e-04 7.5000e-05 7.5000e-05 -1.4500e+07 -1.0000e+07 -1.0000e+07 1.0000e+00 0.0000e+00 
1.0000e-01 -4.0000e-04 1.0000e-04 1.0000e-04 -1.6000e+07 -1.0000e+07 -1.0000e+07 1.0000e+00 0.0000e+00 
1.2500e-01 -5.0000e-04 1.2500e-04 1.2500e-04 -1.7500e+07 -1.0000e+07 -1.0000e+07 1.0000e+00 0.0000e+00 
1.5000e-01 -6.0000e-04 1.5000e-04 1.5000e-04 -1.9000e+07 -1.0000e+07 -1.0000e+07 1.0000e+00 0.0000e+00 
1.7500e-01 -7.0000e-04 1.7500e-04 1.7500e-04 -2.0500e+07 -1.0000e+07 -1.0000e+07 1.0000e+00 0.0000e+00 
2.0000e-01 -8.0000e-04 2.0000e-04 2.0000e-04 -2.2000e+07 -1.0000e+07 -1.0000e+07 1.0000e+00 0.0000e+00 
2.2500e-01 -9.0000e-04 2.2500e-04 2.2500e-04 -2.3500e+07 -1.0000e+07 -1.0000e+07 1.0000e+00 0.0000e+00 
2.5000e-01 -1.0000e-03 2.5000e-04 2.5000e-04 -2.5000e+07 -1.0000e+07 -1.0000e+07 1.0000e+00 0.0000e+00 
2.7500e-01 -1.1000e-03 2.7500e-04 2.7500e-04 -2.6500e+07 -1.0000e+07 -1.0000e+07 1.0000e+00 0.0000e+00 
3.0000e-01 -1.2000e-03 3.0000e-04 3.0000e-04 -2.8000e+07 -1.0000e+07 -1.0000e+07 1.0000e+00 0.0000e+00 
3.2500e-01 -1.3000e-03 3.2500e-04 3.2500e-04 -2.9500e+07 -1.0000e+07 -1.0000e+07 1.0000e+00 0.0000e+00 
3.5000e-01 -1.4000e-03 3.5000e-04 3.5000e-04 -3.1000e+07 -1.0000e+07 -1.0000e+07 1.0000e+00 0.0000e+00 
3.7500e-01 -1.5000e-03 3.7500e-04 3.7500e-04 -3.2500e+07 -1.0000e+07 -1.0000e+07 1.0000e+00 0.0000e+00 
4.0000e-01 -1.6000e-03 4.0266e-04 4.0266e-04 -3.3937e+07 -1.0000e+07 -1.0000e+07 3.0000e+00 2.4691e-11 
4.2500e-01 -1.7000e-03 4.3821e-04 4.3821e-04 -3.5197e+07 -1.0000e+07 -1.0000e+07 3.0000e+00 5.2499e-12 
4.5000e-01 -1.8000e-03 4.7757e-04 4.7757e-04 -3.6378e+07 -1.0000e+07 -1.0000e+07 3.0000e+00 3.9196e-11 
4.7500e-01 -1.9000e-03 5.2222e-04 5.2222e-04 -3.7453e+07 -1.0000e+07 -1.0000e+07 3.0000e+00 1.4384e-10 
5.0000e-01 -2.0000e-03 5.7386e-04 5.7386e-04 -3.8390e+07 -1.0000e+07 -1.0000e+07 3.0000e+00 2.3794e-10 
5.2500e-01 -2.1000e-03 6.3383e-04 6.3383e-04 -3.9163e+07 -1.0000e+07 -1.0000e+07 3.0000e+00 1.6599e-10 
5.5000e-01 -2.2000e-03 7.0244e-04 7.0244e-04 -3.9768e+07 -1.0000e+07 -1.0000e+07 3.0000e+00 5.1491e-11 
5.7500e-01 -2.3000e-03 7.7882e-04 7.7882e-04 -4.0225e+07 -1.0000e+07 -1.0000e+07 3.0000e+00 8.5423e-12 
6.0000e-01 -2.4000e-03 8.6141e-04 8.6141e-04 -4.0564e+07 -1.0000e+07 -1.0000e+07 3.0000e+00 9.7174e-13 
6.2500e-01 -2.5000e-03 9.4863e-04 9.4863e-04 -4.0817e+07 -1.0000e+07 -1.0000e+07 2.0000e+00 8.0936e-07 
6.5000e-01 -2.6000e-03 1.0392e-03 1.0392e-03 -4.1008e+07 -1.0000e+07 -1.0000e+07 2.0000e+00 3.1002e-07 
6.7500e-01 -2.7000e-03 1.1321e-03 1.1321e-03 -4.1156e+07 -1.0000e+07 -1.0000e+07 2.0000e+00 1.2298e-07 
7.0000e-01 -2.8000e-03 1.2268e-03 1.2268e-03 -4.1272e+07 -1.0000e+07 -1.0000e+07 2.0000e+00 7.4661e-08 
7.2500e-01 -2.9000e-03 1.3229e-03 1.3229e-03 -4.1365e+07 -1.0000e+07 -1.0000e+07 2.0000e+00 3.1564e-08 
7.5000e-01 -3.0000e-03 1.4198e-03 1.4198e-03 -4.1442e+07 -1.0000e+07 -1.0000e+07 2.0000e+00 1.4230e-08 
7.7500e-01 -3.1000e-03 1.5176e-03 1.5176e-03 -4.1505e+07 -1.0000e+07 -1.0000e+07 2.0000e+00 6.8091e-09 
8.0000e-01 -3.2000e-03 1.6159e-03 1.6159e-03 -4.1558e+07 -1.0000e+07 -1.0000e+07 2.0000e+00 3.4389e-09 
8.2500e-01 -3.3000e-03 1.7147e-03 1.7147e-03 -4.1603e+07 -1.0000e+07 -1.0000e+07 2.0000e+00 1.8230e-09 
8.5000e-01 -3.4000e-03 1.8139e-03 1.8139e-03 -4.1642e+07 -1.0000e+07 -1.0000e+07 2.0000e+00 1.0091e-09 
8.7500e-01 -3.5000e-03 1.9134e-03 1.9134e-03 -4.1676e+07 -1.0000e+07 -1.0000e+07 2.0000e+00 5.8058e-10 
9.0000e-01 -3.6000e-03 2.0131e-03 2.0131e-03 -4.1706e+07 -1.0000e+07 -1.0000e+07 2.0000e+00 3.4578e-10 
9.2500e-01 -3.7000e-03 2.1131e-03 2.1131e-03 -4.1733e+07 -1.0000e+07 -1.0000e+07 2.0000e+00 2.1242e-10 
9.5000e-01 -3.8000e-03 2.2132e-03 2.2132e-03 -4.1756e+07 -1.0000e+07 -1.0000e+07 2.0000e+00 1.3418e-10 
9.7500e-01 -3.9000e-03 2.3135e-03 2.3135e-03 -4.1777e+07 -1.0000e+07 -1.0000e+07 2.0000e+00 8.6919e-11 
1.0000e+00 -4.0000e-03 2.4140e-03 2.4140e-03 -4.1796e+07 -1.0000e+07 -1.0000e+07 2.0000e+00 5.7600e-11 
1.0250e+00 -3.9500e-03 2.4015e-03 2.4015e-03 -4.1046e+07 -1.0000e+07 -1.0000e+07 1.0000e+00 0.0000e+00 
1.0500e+00 -3.9000e-03 2.3890e-03 2.3890e-03 -4.0296e+07 -1.0000e+07 -1.0000e+07 1.0000e+00 0.0000e+00 
1.0750e+00 -3.8500e-03 2.3765e-03 2.3765e-03 -3.9546e+07 -1.0000e+07 -1.0000e+07 1.0000e+00 0.0000e+00 
1.1000e+00 -3.8000e-03 2.3640e-03 2.3640e-03 -3.8796e+07 -1.0000e+07 -1.0000e+07 1.0000e+00 0.0000e+00 
1.1250e+00 -3.7500e-03 2.3515e-03 2.3515e-03 -3.8046e+07 -1.0000e+07 -1.0000e+07 1.0000e+00 0.0000e+00 
1.1500e+00 -3.7000e-03 2.3390e-03 2.3390e-03 -3.7296e+07 -1.0000e+07 -1.0000e+07 1.0000e+00 0.0000e+00 
1.1750e+00 -3.6500e-03 2.3265e-03 2.3265e-03 -3.6546e+07 -1.0000e+07 -1.0000e+07 1.0000e+00 0.0000e+00 
1.2000e+00 -3.6000e-03 2.3140e-03 2.3140e-03 -3.5796e+07 -1.0000e+07 -1.0000e+07 1.0000e+00 0.0000e+00 
1.2250e+00 -3.5500e-03 2.3015e-03 2.3015e-03 -3.5046e+07 -1.0000e+07 -1.0000e+07 1.0000e+00 0.0000e+00 
1.2500e+00 -3.5000e-03 2.2890e-03 2.2890e-03 -3.4296e+07 -1.0000e+07 -1.0000e+07 1.0000e+00 0.0000e+00 
1.2750e+00 -3.4500e-03 2.2765e-03 2.2765e-03 -3.3546e+07 -1.0000e+07 -1.0000e+07 1.0000e+00 0.0000e+00 
1.3000e+00 -3.4000e-03 2.2640e-03 2.2640e-03 -3.2796e+07 -1.0000e+07 -1.0000e+07 1.0000e+00 0.0000e+00 
1.3250e+00 -3.3500e-03 2.2515e-03 2.2515e-03 -3.2046e+07 -1.0000e+07 -1.0000e+07 1.0000e+00 0.0000e+00 
1.3500e+00 -3.3000e-03 2.2390e-03 2.2390e-03 -3.1296e+07 -1.0000e+07 -1.0000e+07 1.0000e+00 0.0000e+00 
1.3750e+00 -3.2500e-03 2.2265e-03 2.2265e-03 -3.0546e+07 -1.0000e+07 -1.0000e+07 1.0000e+00 0.0000e+00 
1.4000e+00 -3.2000e-03 2.2140e-03 2.2140e-03 -2.9796e+07 -1.0000e+07 -1.0000e+07 1.0000e+00 0.0000e+00 
1.4250e+00 -3.1500e-03 2.2015e-03 2.2015e-03 -2.9046e+07 -1.0000e+07 -1.0000e+07 1.0000e+00 0.0000e+00 
1.4500e+00 -3.1000e-03 2.1890e-03 2.1890e-03 -2.8296e+07 -1.0000e+07 -1.0000e+07 1.0000e+00 0.0000e+00 
1.4750e+00 -3.0500e-03 2.1765e-03 2.1765e-03 -2.7546e+07 -1.0000e+07 -1.0000e+07 1.0000e+00 0.0000e+00 
1.5000e+00 -3.0000e-03 2.1640e-03 2.1640e-03 -2.6796e+07 -1.0000e+07 -1.0000e+07 1.0000e+00 0.0000e+00 
1.5250e+00 -2.9500e-03 2.1515e-03 2.1515e-03 -2.6046e+07 -1.0000e+07 -1.0000e+07 1.0000e+00 0.0000e+00 
1.5500e+00 -2.9000e-03 2.1390e-03 2.1390e-03 -2.5296e+07 -1.0000e+07 -1.0000e+07 1.0000e+00 0.0000e+00 
1.5750e+00 -2.8500e-03 2.1265e-03 2.1265e-03 -2.4546e+07 -1.0000e+07 -1.0000e+07 1.0000e+00 0.0000e+00 
1.6000e+00 -2.8000e-03 2.1140e-03 2.1140e-03 -2.3796e+07 -1.0000e+07 -1.0000e+07 1.0000e+00 0.0000e+00 
1.6250e+00 -2.7500e-03 2.1015e-03 2.1015e-03 -2.3046e+07 -1.0000e+07 -1.0000e+07 1.0000e+00 0.0000e+00 
1.6500e+00 -2.7000e-03 2.0890e-03 2.0890e-03 -2.2296e+07 -1.0000e+07 -1.0000e+07 1.0000e+00 0.0000e+00 
1.6750e+00 -2.6500e-03 2.0765e-03 2.0765e-03 -2.1546e+07 -1.0000e+07 -1.0000e+07 1.0000e+00 0.0000e+00 
1.7000e+00 -2.6000e-03 2.0640e-03 2.0640e-03 -2.0796e+07 -1.0000e+07 -1.0000e+07 1.0000e+00 0.0000e+00 
1.7250e+00 -2.5500e-03 2.0515e-03 2.0515e-03 -2.0046e+07 -1.0000e+07 -1.0000e+07 1.0000e+00 0.0000e+00 
1.7500e+00 -2.5000e-03 2.0390e-03 2.0390e-03 -1.9296e+07 -1.0000e+07 -1.0000e+07 1.0000e+00 0.0000e+00 
1.7750e+00 -2.4500e-03 2.0265e-03 2.0265e-03 -1.8546e+07 -1.0000e+07 -1.0000e+07 1.0000e+00 0.0000e+00 
1.8000e+00 -2.4000e-03 2.0140e-03 2.0140e-03 -1.7796e+07 -1.0000e+07 -1.0000e+07 1.0000e+00 0.0000e+00 
1.8250e+00 -2.3500e-03 2.0015e-03 2.0015e-03 -1.7046e+07 -1.0000e+07 -1.0000e+07 1.0000e+00 0.0000e+00 
1.8500e+00 -2.3000e-03 1.9890e-03 1.9890e-03 -1.6296e+07 -1.0000e+07 -1.0000e+07 1.0000e+00 0.0000e+00 
1.8750e+00 -2.2500e-03 1.9765e-03 1.9765e-03 -1.5546e+07 -1.0000e+07 -1.0000e+07 1.0000e+00 0.0000e+00 
1.9000e+00 -2.2000e-03 1.9640e-03 1.9640e-03 -1.4796e+07 -1.0000e+07 -1.0000e+07 1.0000e+00 0.0000e+00 
1.9250e+00 -2.1500e-03 1.9515e-03 1.9515e-03 -1.4046e+07 -1.0000e+07 -1.0000e+07 1.0000e+00 0.0000e+00 
1.9500e+00 -2.1000e-03 1.9390e-03 1.9390e-03 -1.3296e+07 -1.0000e+07 -1.0000e+07 1.0000e+00 0.0000e+00 
1.9750e+00 -2.0500e-03 1.9265e-03 1.9265e-03 -1.2546e+07 -1.0000e+07 -1.0000e+07 1.0000e+00 0.0000e+00 
2.0000e+00 -2.0000e-03 1.9140e-03 1.9140e-03 -1.1796e+07 -1.0000e+07 -1.0000e+07 1.0000e+00 0.0000e+00 
2.0250e+00 -2.0750e-03 1.9327e-03 1.9327e-03 -1.2921e+07 -1.0000e+07 -1.0000e+07 1.0000e+00 2.7940e-16 
2.0500e+00 -2.1500e-03 1.9515e-03 1.9515e-03 -1.4046e+07 -1.0000e+07 -1.0000e+07 1.0000e+00 0.0000e+00 
2.0750e+00 -2.2250e-03 1.9702e-03 1.9702e-03 -1.5171e+07 -1.0000e+07 -1.0000e+07 1.0000e+00 2.7940e-16 
2.1000e+00 -2.3000e-03 1.9890e-03 1.9890e-03 -1.6296e+07 -1.0000e+07 -1.0000e+07 1.0000e+00 0.0000e+00 
2.1250e+00 -2.3750e-03 2.0077e-03 2.0077e-03 -1.7421e+07 -1.0000e+07 -1.0000e+07 1.0000e+00 2.7940e-16 
2.1500e+00 -2.4500e-03 2.0265e-03 2.0265e-03 -1.8546e+07 -1.0000e+07 -1.0000e+07 1.0000e+00 0.0000e+00 
2.1750e+00 -2.5250e-03 2.0452e-03 2.0452e-03 -1.9671e+07 -1.0000e+07 -1.0000e+07 1.0000e+00 0.0000e+00 
2.2000e+00 -2.6000e-03 2.0640e-03 2.0640e-03 -2.0796e+07 -1.0000e+07 -1.0000e+07 1.0000e+00 0.0000e+00 
2.2250e+00 -2.6750e-03 2.0827e-03 2.0827e-03 -2.1921e+07 -1.0000e+07 -1.0000e+07 1.0000e+00 2.7940e-16 
2.2500e+00 -2.7500e-03 2.1015e-03 2.1015e-03 -2.3046e+07 -1.0000e+07 -1.0000e+07 1.0000e+00 0.0000e+00 
2.2750e+00 -2.8250e-03 2.1202e-03 2.1202e-03 -2.4171e+07 -1.0000e+07 -1.0000e+07 1.0000e+00 2.7940e-16 
2.3000e+00 -2.9000e-03 2.1390e-03 2.1390e-03 -2.5296e+07 -1.0000e+07 -1.0000e+07 1.0000e+00 0.0000e+00 
2.3250e+00 -2.9750e-03 2.1577e-03 2.1577e-03 -2.6421e+07 -1.0000e+07 -1.0000e+07 1.0000e+00 0.0000e+00 
2.3500e+00 -3.0500e-03 2.1765e-03 2.1765e-03 -2.7546e+07 -1.0000e+07 -1.0000e+07 1.0000e+00 0.0000e+00 
2.3750e+00 -3.1250e-03 2.1952e-03 2.1952e-03 -2.8671e+07 -1.0000e+07 -1.0000e+07 1.0000e+00 2.7940e-16 
2.4000e+00 -3.2000e-03 2.2140e-03 2.2140e-03 -2.9796e+07 -1.0000e+07 -1.0000e+07 1.0000e+00 0.0000e+00 
2.4250e+00 -3.2750e-03 2.2327e-03 2.2327e-03 -3.0921e+07 -1.0000e+07 -1.0000e+07 1.0000e+00 0.0000e+00 
2.4500e+00 -3.3500e-03 2.2515e-03 2.2515e-03 -3.2046e+07 -1.0000e+07 -1.0000e+07 1.0000e+00 2.7940e-16 
2.4750e+00 -3.4250e-03 2.2702e-03 2.2702e-03 -3.3171e+07 -1.0000e+07 -1.0000e+07 1.0000e+00 0.0000e+00 
2.5000e+00 -3.5000e-03 2.2890e-03 2.2890e-03 -3.4296e+07 -1.0000e+07 -1.0000e+07 1.0000e+00 0.0000e+00 
2.5250e+00 -3.5750e-03 2.3077e-03 2.3077e-03 -3.5421e+07 -1.0000e+07 -1.0000e+07 1.0000e+00 0.0000e+00 
2.5500e+00 -3.6500e-03 2.3265e-03 2.3265e-03 -3.6546e+07 -1.0000e+07 -1.0000e+07 1.0000e+00 2.7940e-16 
2.5750e+00 -3.7250e-03 2.3452e-03 2.3452e-03 -3.7671e+07 -1.0000e+07 -1.0000e+07 1.0000e+00 0.0000e+00 
2.6000e+00 -3.8000e-03 2.3640e-03 2.3640e-03 -3.8796e+07 -1.0000e+07 -1.0000e+07 1.0000e+00 0.0000e+00 
2.6250e+00 -3.8750e-03 2.3827e-03 2.3827e-03 -3.9921e+07 -1.0000e+07 -1.0000e+07 1.0000e+00 2.7940e-16 
2.6500e+00 -3.9500e-03 2.4015e-03 2.4015e-03 -4.1046e+07 -1.0000e+07 -1.0000e+07 1.0000e+00 0.0000e+00 
2.6750e+00 -4.0250e-03 2.4391e-03 2.4391e-03 -4.1800e+07 -1.0000e+07 -1.0000e+07 3.0000e+00 5.3644e-14 
2.7000e+00 -4.1000e-03 2.5145e-03 2.5145e-03 -4.1813e+07 -1.0000e+07 -1.0000e+07 2.0000e+00 1.1928e-11 
2.7250e+00 -4.1750e-03 2.5900e-03 2.5900e-03 -4.1825e+07 -1.0000e+07 -1.0000e+07 2.0000e+00 9.0315e-12 
2.7500e+00 -4.2500e-03 2.6656e-03 2.6656e-03 -4.1836e+07 -1.0000e+07 -1.0000e+07 2.0000e+00 6.9047e-12 
2.7750e+00 -4.3250e-03 2.7412e-03 2.7412e-03 -4.1846e+07 -1.0000e+07 -1.0000e+07 2.0000e+00 5.3301e-12 
2.8000e+00 -4.4000e-03 2.8168e-03 2.8168e-03 -4.1855e+07 -1.0000e+07 -1.0000e+07 2.0000e+00 4.1488e-12 
2.8250e+00 -4.4750e-03 2.8925e-03 2.8925e-03 -4.1865e+07 -1.0000e+07 -1.0000e+07 2.0000e+00 3.2553e-12 
2.8500e+00 -4.5500e-03 2.9682e-03 2.9682e-03 -4.1873e+07 -1.0000e+07 -1.0000e+07 2.0000e+00 2.5738e-12 
2.8750e+00 -4.6250e-03 3.0440e-03 3.0440e-03 -4.1881e+07 -1.0000e+07 -1.0000e+07 2.0000e+00 2.0497e-12 
2.9000e+00 -4.7000e-03 3.1197e-03 3.1197e-03 -4.1889e+07 -1.0000e+07 -1.0000e+07 2.0000e+00 1.6445e-12 
2.9250e+00 -4.7750e-03 3.1956e-03 3.1956e-03 -4.1896e+07 -1.0000e+07 -1.0000e+07 2.0000e+00 1.3263e-12 
2.9500e+00 -4.8500e-03 3.2714e-03 3.2714e-03 -4.1903e+07 -1.0000e+07 -1.0000e+07 2.0000e+00 1.0768e-12 
2.9750e+00 -4.9250e-03 3.3473e-03 3.3473e-03 -4.1909e+07 -1.0000e+07 -1.0000e+07 2.0000e+00 8.7926e-13 
3.0000e+00 -5.0000e-03 3.4232e-03 3.4232e-03 -4.1915e+07 -1.0000e+07 -1.0000e+07 2.0000e+00 7.2336e-13 
3.0250e+00 -4.9500e-03 3.4107e-03 3.4107e-03 -4.1165e+07 -1.0000e+07 -1.0000e+07 1.0000e+00 0.0000e+00 
3.0500e+00 -4.9000e-03 3.3982e-03 3.3982e-03 -4.0415e+07 -1.0000e+07 -1.0000e+07 1.0000e+00 0.0000e+00 
3.0750e+00 -4.8500e-03 3.3857e-03 3.3857e-03 -3.9665e+07 -1.0000e+07 -1.0000e+07 1.0000e+00 0.0000e+00 
3.1000e+00 -4.8000e-03 3.3732e-03 3.3732e-03 -3.8915e+07 -1.0000e+07 -1.0000e+07 1.0000e+00 0.0000e+00 
3.1250e+00 -4.7500e-03 3.3607e-03 3.3607e-03 -3.8165e+07 -1.0000e+07 -1.0000e+07 1.0000e+00 0.0000e+00 
3.1500e+00 -4.7000e-03 3.3482e-03 3.3482e-03 -3.7415e+07 -1.0000e+07 -1.0000e+07 1.0000e+00 0.0000e+00 
3.1750e+00 -4.6500e-03 3.3357e-03 3.3357e-03 -3.6665e+07 -1.0000e+07 -1.0000e+07 1.0000e+00 0.0000e+00 
3.2000e+00 -4.6000e-03 3.3232e-03 3.3232e-03 -3.5915e+07 -1.0000e+07 -1.0000e+07 1.0000e+00 0.0000e+00 
3.2250e+00 -4.5500e-03 3.3107e-03 3.3107e-03 -3.5165e+07 -1.0000e+07 -1.0000e+07 1.0000e+00 0.0000e+00 
3.2500e+00 -4.5000e-03 3.2982e-03 3.2982e-03 -3.4415e+07 -1.0000e+07 -1.0000e+07 1.0000e+00 0.0000e+00 
3.2750e+00 -4.4500e-03 3.2857e-03 3.2857e-03 -3.3665e+07 -1.0000e+07 -1.0000e+07 1.0000e+00 0.0000e+00 
3.3000e+00 -4.4000e-03 3.2732e-03 3.2732e-03 -3.2915e+07 -1.0000e+07 -1.0000e+07 1.0000e+00 0.0000e+00 
3.3250e+00 -4.3500e-03 3.2607e-03 3.2607e-03 -3.2165e+07 -1.0000e+07 -1.0000e+07 1.0000e+00 0.0000e+00 
3.3500e+00 -4.3000e-03 3.2482e-03 3.2482e-03 -3.1415e+07 -1.0000e+07 -1.0000e+07 1.0000e+00 0.0000e+00 
3.3750e+00 -4.2500e-03 3.2357e-03 3.2357e-03 -3.0665e+07 -1.0000e+07 -1.0000e+07 1.0000e+00 0.0000e+00 
3.4000e+00 -4.2000e-03 3.2232e-03 3.2232e-03 -2.9915e+07 -1.0000e+07 -1.0000e+07 1.0000e+00 0.0000e+00 
3.4250e+00 -4.1500e-03 3.2107e-03 3.2107e-03 -2.9165e+07 -1.0000e+07 -1.0000e+07 1.0000e+00 0.0000e+00 
3.4500e+00 -4.1000e-03 3.1982e-03 3.1982e-03 -2.8415e+07 -1.0000e+07 -1.0000e+07 1.0000e+00 0.0000e+00 
3.4750e+00 -4.0500e-03 3.1857e-03 3.1857e-03 -2.7665e+07 -1.0000e+07 -1.0000e+07 1.0000e+00 0.0000e+00 
3.5000e+00 -4.0000e-03 3.1732e-03 3.1732e-03 -2.6915e+07 -1.0000e+07 -1.0000e+07 1.0000e+00 0.0000e+00 
3.5250e+00 -3.9500e-03 3.1607e-03 3.1607e-03 -2.6165e+07 -1.0000e+07 -1.0000e+07 1.0000e+00 0.0000e+00 
3.5500e+00 -3.9000e-03 3.1482e-03 3.1482e-03 -2.5415e+07 -1.0000e+07 -1.0000e+07 1.0000e+00 0.0000e+00 
3.5750e+00 -3.8500e-03 3.1357e-03 3.1357e-03 -2.4665e+07 -1.0000e+07 -1.0000e+07 1.0000e+00 0.0000e+00 
3.6000e+00 -3.8000e-03 3.1232e-03 3.1232e-03 -2.3915e+07 -1.0000e+07 -1.0000e+07 1.0000e+00 0.0000e+00 
3.6250e+00 -3.7500e-03 3.1107e-03 3.1107e-03 -2.3165e+07 -1.0000e+07 -1.0000e+07 1.0000e+00 0.0000e+00 
3.6500e+00 -3.7000e-03 3.0982e-03 3.0982e-03 -2.2415e+07 -1.0000e+07 -1.0000e+07 1.0000e+00 0.0000e+00 
3.6750e+00 -3.6500e-03 3.0857e-03 3.0857e-03 -2.1665e+07 -1.0000e+07 -1.0000e+07 1.0000e+00 0.0000e+00 
3.7000e+00 -3.6000e-03 3.0732e-03 3.0732e-03 -2.0915e+07 -1.0000e+07 -1.0000e+07 1.0000e+00 0.0000e+00 
3.7250e+00 -3.5500e-03 3.0607e-03 3.0607e-03 -2.0165e+07 -1.0000e+07 -1.0000e+07 1.0000e+00 0.0000e+00 
3.7500e+00 -3.5000e-03 3.0482e-03 3.0482e-03 -1.9415e+07 -1.0000e+07 -1.0000e+07 1.0000e+00 0.0000e+00 
3.7750e+00 -3.4500e-03 3.0357e-03 3.0357e-03 -1.8665e+07 -1.0000e+07 -1.0000e+07 1.0000e+00 0.0000e+00 
3.8000e+00 -3.4000e-03 3.0232e-03 3.0232e-03 -1.7915e+07 -1.0000e+07 -1.0000e+07 1.0000e+00 0.0000e+00 
3.8250e+00 -3.3500e-03 3.0107e-03 3.0107e-03 -1.7165e+07 -1.0000e+07 -1.0000e+07 1.0000e+00 0.0000e+00 
3.8500e+00 -3.3000e-03 2.9982e-03 2.9982e-03 -1.6415e+07 -1.0000e+07 -1.0000e+07 1.0000e+00 0.0000e+00 
3.8750e+00 -3.2500e-03 2.9857e-03 2.9857e-03 -1.5665e+07 -1.0000e+07 -1.0000e+07 1.0000e+00 0.0000e+00 
3.9000e+00 -3.2000e-03 2.9732e-03 2.9732e-03 -1.4915e+07 -1.0000e+07 -1.0000e+07 1.0000e+00 0.0000e+00 
3.9250e+00 -3.1500e-03 2.9607e-03 2.9607e-03 -1.4165e+07 -1.0000e+07 -1.0000e+07 1.0000e+00 0.0000e+00 
3.9500e+00 -3.1000e-03 2.9482e-03 2.9482e-03 -1.3415e+07 -1.0000e+07 -1.0000e+07 1.0000e+00 0.0000e+00 
3.9750e+00 -3.0500e-03 2.9357e-03 2.9357e-03 -1.2665e+07 -1.0000e+07 -1.0000e+07 1.0000e+00 0.0000e+00 
4.0000e+00 -3.0000e-03 2.9232e-03 2.9232e-03 -1.1915e+07 -1.0000e+07 -1.0000e+07 1.0000e+00 0.0000e+00 
4.0250e+00 -3.0750e-03 2.9419e-03 2.9419e-03 -1.3040e+07 -1.0000e+07 -1.0000e+07 1.0000e+00 0.0000e+00 
4.0500e+00 -3.1500e-03 2.9607e-03 2.9607e-03 -1.4165e+07 -1.0000e+07 -1.0000e+07 1.0000e+00 0.0000e+00 
4.0750e+00 -3.2250e-03 2.9794e-03 2.9794e-03 -1.5290e+07 -1.0000e+07 -1.0000e+07 1.0000e+00 0.0000e+00 
4.1000e+00 -3.3000e-03 2.9982e-03 2.9982e-03 -1.6415e+07 -1.0000e+07 -1.0000e+07 1.0000e+00 0.0000e+00 
4.1250e+00 -3.3750e-03 3.0169e-03 3.0169e-03 -1.7540e+07 -1.0000e+07 -1.0000e+07 1.0000e+00 0.0000e+00 
4.1500e+00 -3.4500e-03 3.0357e-03 3.0357e-03 -1.8665e+07 -1.0000e+07 -1.0000e+07 1.0000e+00 0.0000e+00 
4.1750e+00 -3.5250e-03 3.0544e-03 3.0544e-03 -1.9790e+07 -1.0000e+07 -1.0000e+07 1.0000e+00 0.0000e+00 
4.2000e+00 -3.6000e-03 3.0732e-03 3.0732e-03 -2.0915e+07 -1.0000e+07 -1.0000e+07 1.0000e+00 0.0000e+00 
4.2250e+00 -3.6750e-03 3.0919e-03 3.0919e-03 -2.2040e+07 -1.0000e+07 -1.0000e+07 1.0000e+00 0.0000e+00 
4.2500e+00 -3.7500e-03 3.1107e-03 3.1107e-03 -2.3165e+07 -1.0000e+07 -1.0000e+07 1.0000e+00 0.0000e+00 
4.2750e+00 -3.8250e-03 3.1294e-03 3.1294e-03 -2.4290e+07 -1.0000e+07 -1.0000e+07 1.0000e+00 0.0000e+00 
4.3000e+00 -3.9000e-03 3.1482e-03 3.1482e-03 -2.5415e+07 -1.0000e+07 -1.0000e+07 1.0000e+00 0.0000e+00 
4.3250e+00 -3.9750e-03 3.1669e-03 3.1669e-03 -2.6540e+07 -1.0000e+07 -1.0000e+07 1.0000e+00 0.0000e+00 
4.3500e+00 -4.0500e-03 3.1857e-03 3.1857e-03 -2.7665e+07 -1.0000e+07 -1.0000e+07 1.0000e+00 0.0000e+00 
4.3750e+00 -4.1250e-03 3.2044e-03 3.2044e-03 -2.8790e+07 -1.0000e+07 -1.0000e+07 1.0000e+00 0.0000e+00 
4.4000e+00 -4.2000e-03 3.2232e-03 3.2232e-03 -2.9915e+07 -1.0000e+07 -1.0000e+07 1.0000e+00 0.0000e+00 
4.4250e+00 -4.2750e-03 3.2419e-03 3.2419e-03 -3.1040e+07 -1.0000e+07 -1.0000e+07 1.0000e+00 0.0000e+00 
4.4500e+00 -4.3500e-03 3.2607e-03 3.2607e-03 -3.2165e+07 -1.0000e+07 -1.0000e+07 1.0000e+00 0.0000e+00 
4.4750e+00 -4.4250e-03 3.2794e-03 3.2794e-03 -3.3290e+07 -1.0000e+07 -1.0000e+07 1.0000e+00 0.0000e+00 
4.5000e+00 -4.5000e-03 3.2982e-03 3.2982e-03 -3.4415e+07 -1.0000e+07 -1.0000e+07 1.0000e+00 0.0000e+00 
4.5250e+00 -4.5750e-03 3.3169e-03 3.3169e-03 -3.5540e+07 -1.0000e+07 -1.0000e+07 1.0000e+00 0.0000e+00 
4.5500e+00 -4.6500e-03 3.3357e-03 3.3357e-03 -3.6665e+07 -1.0000e+07 -1.0000e+07 1.0000e+00 0.0000e+00 
4.5750e+00 -4.7250e-03 3.3544e-03 3.3544e-03 -3.7790e+07 -1.0000e+07 -1.0000e+07 1.0000e+00 0.0000e+00 
4.6000e+00 -4.8000e-03 3.3732e-03 3.3732e-03 -3.8915e+07 -1.0000e+07 -1.0000e+07 1.0000e+00 0.0000e+00 
4.6250e+00 -4.8750e-03 3.3919e-03 3.3919e-03 -4.0040e+07 -1.0000e+07 -1.0000e+07 1.0000e+00 0.0000e+00 
4.6500e+00 -4.9500e-03 3.4107e-03 3.4107e-03 -4.1165e+07 -1.0000e+07 -1.0000e+07 1.0000e+00 0.0000e+00 
4.6750e+00 -5.0250e-03 3.4485e-03 3.4485e-03 -4.1917e+07 -1.0000e+07 -1.0000e+07 3.0000e+00 1.6764e-15 
4.7000e+00 -5.1000e-03 3.5244e-03 3.5244e-03 -4.1923e+07 -1.0000e+07 -1.0000e+07 2.0000e+00 5.5991e-13 
4.7250e+00 -5.1750e-03 3.6003e-03 3.6003e-03 -4.1928e+07 -1.0000e+07 -1.0000e+07 2.0000e+00 4.6603e-13 
4.7500e+00 -5.2500e-03 3.6763e-03 3.6763e-03 -4.1933e+07 -1.0000e+07 -1.0000e+07 2.0000e+00 3.8836e-13 
4.7750e+00 -5.3250e-03 3.7522e-03 3.7522e-03 -4.1938e+07 -1.0000e+07 -1.0000e+07 2.0000e+00 3.2606e-13 
4.8000e+00 -5.4000e-03 3.8282e-03 3.8282e-03 -4.1943e+07 -1.0000e+07 -1.0000e+07 2.0000e+00 2.7493e-13 
4.8250e+00 -5.4750e-03 3.9043e-03 3.9043e-03 -4.1948e+07 -1.0000e+07 -1.0000e+07 2.0000e+00 2.3134e-13 
4.8500e+00 -5.5500e-03 3.9803e-03 3.9803e-03 -4.1952e+07 -1.0000e+07 -1.0000e+07 2.0000e+00 1.9642e-13 
4.8750e+00 -5.6250e-03 4.0563e-03 4.0563e-03 -4.1956e+07 -1.0000e+07 -1.0000e+07 2.0000e+00 1.6820e-13 
4.9000e+00 -5.7000e-03 4.1324e-03 4.1324e-03 -4.1960e+07 -1.0000e+07 -1.0000e+07 2.0000e+00 1.4333e-13 
4.9250e+00 -5.7750e-03 4.2084e-03 4.2084e-03 -4.1964e+07 -1.0000e+07 -1.0000e+07 2.0000e+00 1.2238e-13 
4.9500e+00 -5.8500e-03 4.2845e-03 4.2845e-03 -4.1967e+07 -1.0000e+07 -1.0000e+07 2.0000e+00 1.0561e-13 
4.9750e+00 -5.9250e-03 4.3606e-03 4.3606e-03 -4.1971e+07 -1.0000e+07 -1.0000e+07 2.0000e+00 9.1922e-14 
5.0000e+00 -6.0000e-03 4.4367e-03 4.4367e-03 -4.1974e+07 -1.0000e+07 -1.0000e+07 2.0000e+00 7.8790e-14 
