# column 1 = time
# column 2 = axial_strain
# column 3 = radial_strain_1
# column 4 = radial_strain_2
# column 5 = axial_stress
# column 6 = radial_stress_1
# column 7 = radial_stress_2
# column 8 = newton_iter
# column 9 = residual_norm
0.0000e+00 0.0000e+00 0.0000e+00 0.0000e+00 -1.0000e+07 -1.0000e+07 -1.0000e+07 0.0000e+00 0.0000e+00 
2.5000e-02 -1.0000e-04 2.5000e-05 2.5000e-05 -1.1500e+07 -1.0000e+07 -1.0000e+07 1.0000e+00 0.0000e+00 
5.0000e-02 -2.0000e-04 5.0000e-05 5.0000e-05 -1.3000e+07 -1.0000e+07 -1.0000e+07 1.0000e+00 0.0000e+00 
7.5000e-02 -3.0000e-04 7.5000e-05 7.5000e-05 -1.4500e+07 -1.0000e+07 -1.0000e+07 1.0000e+00 0.0000e+00 
1.0000e-01 -4.0000e-04 1.0000e-04 1.0000e-04 -1.6000e+07 -1.0000e+07 -1.0000e+07 1.0000e+00 0.0000e+00 
1.2500e-01 -5.0000e-04 1.2500e-04 1.2500e-04 -1.7500e+07 -1.0000e+07 -1.0000e+07 1.0000e+00 0.0000e+00 
1.5000e-01 -6.0000e-04 1.5000e-04 1.5000e-04 -1.9000e+07 -1.0000e+07 -1.0000e+07 1.0000e+00 0.0000e+00 
1.7500e-01 -7.0000e-04 1.7500e-04 1.7500e-04 -2.0500e+07 -1.0000e+07 -1.0000e+07 1.0000e+00 0.0000e+00 
2.0000e-01 -8.0000e-04 2.0000e-04 2.0000e-04 -2.2000e+07 -1.0000e+07 -1.0000e+07 1.0000e+00 0.0000e+00 
2.2500e-01 -9.0000e-04 2.2500e-04 2.2500e-04 -2.3500e+07 -1.0000e+07 -1.0000e+07 1.0000e+00 0.0000e+00 
2.5000e-01 -1.0000e-03 2.5000e-04 2.5000e-04 -2.5000e+07 -1.0000e+07 -1.0000e+07 1.0000e+00 0.0000e+00 
2.7500e-01 -1.1000e-03 2.7500e-04 2.7500e-04 -2.6500e+07 -1.0000e+07 -1.0000e+07 1.0000e+00 0.0000e+00 
3.0000e-01 -1.2000e-03 3.0000e-04 3.0000e-04 -2.8000e+07 -1.0000e+07 -1.0000e+07 1.0000e+00 0.0000e+00 
3.2500e-01 -1.3000e-03 3.2500e-04 3.2500e-04 -2.9500e+07 -1.0000e+07 -1.0000e+07 1.0000e+00 0.0000e+00 
3.5000e-01 -1.4000e-03 3.5000e-04 3.5000e-04 -3.1000e+07 -1.0000e+07 -1.0000e+07 1.0000e+00 0.0000e+00 
3.7500e-01 -1.5000e-03 3.7500e-04 3.7500e-04 -3.2500e+07 -1.0000e+07 -1.0000e+07 1.0000e+00 0.0000e+00 
4.0000e-01 -1.6000e-03 4.0079e-04 4.0079e-04 -3.3981e+07 -1.0000e+07 -1.0000e+07 2.0000e+00 3.1919e-07 
4.2500e-01 -1.7000e-03 4.2935e-04 4.2935e-04 -3.5400e+07 -1.0000e+07 -1.0000e+07 2.0000e+00 1.2070e-08 
4.5000e-01 -1.8000e-03 4.6068e-04 4.6068e-04 -3.6758e+07 -1.0000e+07 -1.0000e+07 2.0000e+00 2.5556e-08 
4.7500e-01 -1.9000e-03 4.9503e-04 4.9503e-04 -3.8054e+07 -1.0000e+07 -1.0000e+07 2.0000e+00 4.7009e-08 
5.0000e-01 -2.0000e-03 5.3279e-04 5.3279e-04 -3.9281e+07 -1.0000e+07 -1.0000e+07 2.0000e+00 6.6972e-08 
5.2500e-01 -2.1000e-03 5.7438e-04 5.7438e-04 -4.0432e+07 -1.0000e+07 -1.0000e+07 2.0000e+00 7.2001e-08 
5.5000e-01 -2.2000e-03 6.2017e-04 6.2017e-04 -4.1500e+07 -1.0000e+07 -1.0000e+07 2.0000e+00 5.9174e-08 
5.7500e-01 -2.3000e-03 6.7039e-04 6.7039e-04 -4.2482e+07 -1.0000e+07 -1.0000e+07 2.0000e+00 3.9069e-08 
6.0000e-01 -2.4000e-03 7.2512e-04 7.2512e-04 -4.3376e+07 -1.0000e+07 -1.0000e+07 2.0000e+00 2.7857e-08 
6.2500e-01 -2.5000e-03 7.8428e-04 7.8428e-04 -4.4184e+07 -1.0000e+07 -1.0000e+07 2.0000e+00 1.2688e-08 
6.5000e-01 -2.6000e-03 8.4770e-04 8.4770e-04 -4.4911e+07 -1.0000e+07 -1.0000e+07 2.0000e+00 5.7784e-09 
6.7500e-01 -2.7000e-03 9.1510e-04 9.1510e-04 -4.5561e+07 -1.0000e+07 -1.0000e+07 2.0000e+00 2.6750e-09 
7.0000e-01 -2.8000e-03 9.8621e-04 9.8621e-04 -4.6140e+07 -1.0000e+07 -1.0000e+07 2.0000e+00 1.2683e-09 
7.2500e-01 -2.9000e-03 1.0607e-03 1.0607e-03 -4.6654e+07 -1.0000e+07 -1.0000e+07 2.0000e+00 6.1857e-10 
7.5000e-01 -3.0000e-03 1.1382e-03 1.1382e-03 -4.7110e+07 -1.0000e+07 -1.0000e+07 2.0000e+00 3.1118e-10 
7.7500e-01 -3.1000e-03 1.2185e-03 1.2185e-03 -4.7513e+07 -1.0000e+07 -1.0000e+07 2.0000e+00 1.6167e-10 
8.0000e-01 -3.2000e-03 1.3012e-03 1.3012e-03 -4.7870e+07 -1.0000e+07 -1.0000e+07 2.0000e+00 8.6754e-11 
8.2500e-01 -3.3000e-03 1.3862e-03 1.3862e-03 -4.8184e+07 -1.0000e+07 -1.0000e+07 2.0000e+00 4.8047e-11 
8.5000e-01 -3.4000e-03 1.4731e-03 1.4731e-03 -4.8462e+07 -1.0000e+07 -1.0000e+07 2.0000e+00 2.7920e-11 
8.7500e-01 -3.5000e-03 1.5617e-03 1.5617e-03 -4.8707e+07 -1.0000e+07 -1.0000e+07 2.0000e+00 4.1965e-10 
9.0000e-01 -3.6000e-03 1.6518e-03 1.6518e-03 -4.8923e+07 -1.0000e+07 -1.0000e+07 2.0000e+00 2.1475e-10 
9.2500e-01 -3.7000e-03 1.7433e-03 1.7433e-03 -4.9113e+07 -1.0000e+07 -1.0000e+07 2.0000e+00 1.1079e-10 
9.5000e-01 -3.8000e-03 1.8359e-03 1.8359e-03 -4.9281e+07 -1.0000e+07 -1.0000e+07 2.0000e+00 5.7182e-11 
9.7500e-01 -3.9000e-03 1.9297e-03 1.9297e-03 -4.9430e+07 -1.0000e+07 -1.0000e+07 2.0000e+00 2.9196e-11 
1.0000e+00 -4.0000e-03 2.0243e-03 2.0243e-03 -4.9561e+07 -1.0000e+07 -1.0000e+07 2.0000e+00 1.4477e-11 
1.0250e+00 -3.9500e-03 2.0653e-03 2.0653e-03 -4.7758e+07 -1.0000e+07 -1.0000e+07 2.0000e+00 7.0799e-13 
1.0500e+00 -3.9000e-03 2.0927e-03 2.0927e-03 -4.6224e+07 -1.0000e+07 -1.0000e+07 2.0000e+00 7.9349e-14 
1.0750e+00 -3.8500e-03 2.1085e-03 2.1085e-03 -4.4918e+07 -1.0000e+07 -1.0000e+07 2.0000e+00 3.6322e-15 
1.1000e+00 -3.8000e-03 2.1144e-03 2.1144e-03 -4.3807e+07 -1.0000e+07 -1.0000e+07 1.0000e+00 1.6495e-07 
1.1250e+00 -3.7500e-03 2.1119e-03 2.1119e-03 -4.2860e+07 -1.0000e+07 -1.0000e+07 1.0000e+00 2.9582e-08 
1.1500e+00 -3.7000e-03 2.1023e-03 2.1023e-03 -4.2053e+07 -1.0000e+07 -1.0000e+07 1.0000e+00 4.4725e-07 
1.1750e+00 -3.6500e-03 2.0898e-03 2.0898e-03 -4.1303e+07 -1.0000e+07 -1.0000e+07 2.0000e+00 0.0000e+00 
1.2000e+00 -3.6000e-03 2.0773e-03 2.0773e-03 -4.0553e+07 -1.0000e+07 -1.0000e+07 1.0000e+00 0.0000e+00 
1.2250e+00 -3.5500e-03 2.0648e-03 2.0648e-03 -3.9803e+07 -1.0000e+07 -1.0000e+07 1.0000e+00 0.0000e+00 
1.2500e+00 -3.5000e-03 2.0523e-03 2.0523e-03 -3.9053e+07 -1.0000e+07 -1.0000e+07 1.0000e+00 0.0000e+00 
1.2750e+00 -3.4500e-03 2.0398e-03 2.0398e-03 -3.8303e+07 -1.0000e+07 -1.0000e+07 1.0000e+00 0.0000e+00 
1.3000e+00 -3.4000e-03 2.0273e-03 2.0273e-03 -3.7553e+07 -1.0000e+07 -1.0000e+07 1.0000e+00 0.0000e+00 
1.3250e+00 -3.3500e-03 2.0148e-03 2.0148e-03 -3.6803e+07 -1.0000e+07 -1.0000e+07 1.0000e+00 0.0000e+00 
1.3500e+00 -3.3000e-03 2.0023e-03 2.0023e-03 -3.6053e+07 -1.0000e+07 -1.0000e+07 1.0000e+00 0.0000e+00 
1.3750e+00 -3.2500e-03 1.9898e-03 1.9898e-03 -3.5303e+07 -1.0000e+07 -1.0000e+07 1.0000e+00 0.0000e+00 
1.4000e+00 -3.2000e-03 1.9773e-03 1.9773e-03 -3.4553e+07 -1.0000e+07 -1.0000e+07 1.0000e+00 0.0000e+00 
1.4250e+00 -3.1500e-03 1.9648e-03 1.9648e-03 -3.3803e+07 -1.0000e+07 -1.0000e+07 1.0000e+00 0.0000e+00 
1.4500e+00 -3.1000e-03 1.9523e-03 1.9523e-03 -3.3053e+07 -1.0000e+07 -1.0000e+07 1.0000e+00 0.0000e+00 
1.4750e+00 -3.0500e-03 1.9398e-03 1.9398e-03 -3.2303e+07 -1.0000e+07 -1.0000e+07 1.0000e+00 0.0000e+00 
1.5000e+00 -3.0000e-03 1.9273e-03 1.9273e-03 -3.1553e+07 -1.0000e+07 -1.0000e+07 1.0000e+00 0.0000e+00 
1.5250e+00 -2.9500e-03 1.9148e-03 1.9148e-03 -3.0803e+07 -1.0000e+07 -1.0000e+07 1.0000e+00 0.0000e+00 
1.5500e+00 -2.9000e-03 1.9023e-03 1.9023e-03 -3.0053e+07 -1.0000e+07 -1.0000e+07 1.0000e+00 0.0000e+00 
1.5750e+00 -2.8500e-03 1.8898e-03 1.8898e-03 -2.9303e+07 -1.0000e+07 -1.0000e+07 1.0000e+00 0.0000e+00 
1.6000e+00 -2.8000e-03 1.8773e-03 1.8773e-03 -2.8553e+07 -1.0000e+07 -1.0000e+07 1.0000e+00 0.0000e+00 
1.6250e+00 -2.7500e-03 1.8648e-03 1.8648e-03 -2.7803e+07 -1.0000e+07 -1.0000e+07 1.0000e+00 0.0000e+00 
1.6500e+00 -2.7000e-03 1.8523e-03 1.8523e-03 -2.7053e+07 -1.0000e+07 -1.0000e+07 1.0000e+00 0.0000e+00 
1.6750e+00 -2.6500e-03 1.8398e-03 1.8398e-03 -2.6303e+07 -1.0000e+07 -1.0000e+07 1.0000e+00 0.0000e+00 
1.7000e+00 -2.6000e-03 1.8273e-03 1.8273e-03 -2.5553e+07 -1.0000e+07 -1.0000e+07 1.0000e+00 0.0000e+00 
1.7250e+00 -2.5500e-03 1.8148e-03 1.8148e-03 -2.4803e+07 -1.0000e+07 -1.0000e+07 1.0000e+00 0.0000e+00 
1.7500e+00 -2.5000e-03 1.8023e-03 1.8023e-03 -2.4053e+07 -1.0000e+07 -1.0000e+07 1.0000e+00 0.0000e+00 
1.7750e+00 -2.4500e-03 1.7898e-03 1.7898e-03 -2.3303e+07 -1.0000e+07 -1.0000e+07 1.0000e+00 0.0000e+00 
1.8000e+00 -2.4000e-03 1.7773e-03 1.7773e-03 -2.2553e+07 -1.0000e+07 -1.0000e+07 1.0000e+00 0.0000e+00 
1.8250e+00 -2.3500e-03 1.7648e-03 1.7648e-03 -2.1803e+07 -1.0000e+07 -1.0000e+07 1.0000e+00 0.0000e+00 
1.8500e+00 -2.3000e-03 1.7523e-03 1.7523e-03 -2.1053e+07 -1.0000e+07 -1.0000e+07 1.0000e+00 0.0000e+00 
1.8750e+00 -2.2500e-03 1.7398e-03 1.7398e-03 -2.0303e+07 -1.0000e+07 -1.0000e+07 1.0000e+00 0.0000e+00 
1.9000e+00 -2.2000e-03 1.7273e-03 1.7273e-03 -1.9553e+07 -1.0000e+07 -1.0000e+07 1.0000e+00 0.0000e+00 
1.9250e+00 -2.1500e-03 1.7148e-03 1.7148e-03 -1.8803e+07 -1.0000e+07 -1.0000e+07 1.0000e+00 0.0000e+00 
1.9500e+00 -2.1000e-03 1.7023e-03 1.7023e-03 -1.8053e+07 -1.0000e+07 -1.0000e+07 1.0000e+00 0.0000e+00 
1.9750e+00 -2.0500e-03 1.6898e-03 1.6898e-03 -1.7303e+07 -1.0000e+07 -1.0000e+07 1.0000e+00 0.0000e+00 
2.0000e+00 -2.0000e-03 1.6773e-03 1.6773e-03 -1.6553e+07 -1.0000e+07 -1.0000e+07 1.0000e+00 0.0000e+00 
2.0250e+00 -2.0750e-03 1.6960e-03 1.6960e-03 -1.7678e+07 -1.0000e+07 -1.0000e+07 1.0000e+00 2.7940e-16 
2.0500e+00 -2.1500e-03 1.7148e-03 1.7148e-03 -1.8803e+07 -1.0000e+07 -1.0000e+07 1.0000e+00 0.0000e+00 
2.0750e+00 -2.2250e-03 1.7335e-03 1.7335e-03 -1.9928e+07 -1.0000e+07 -1.0000e+07 1.0000e+00 2.7940e-16 
2.1000e+00 -2.3000e-03 1.7523e-03 1.7523e-03 -2.1053e+07 -1.0000e+07 -1.0000e+07 1.0000e+00 0.0000e+00 
2.1250e+00 -2.3750e-03 1.7710e-03 1.7710e-03 -2.2178e+07 -1.0000e+07 -1.0000e+07 1.0000e+00 2.7940e-16 
2.1500e+00 -2.4500e-03 1.7898e-03 1.7898e-03 -2.3303e+07 -1.0000e+07 -1.0000e+07 1.0000e+00 0.0000e+00 
2.1750e+00 -2.5250e-03 1.8085e-03 1.8085e-03 -2.4428e+07 -1.0000e+07 -1.0000e+07 1.0000e+00 0.0000e+00 
2.2000e+00 -2.6000e-03 1.8273e-03 1.8273e-03 -2.5553e+07 -1.0000e+07 -1.0000e+07 1.0000e+00 0.0000e+00 
2.2250e+00 -2.6750e-03 1.8460e-03 1.8460e-03 -2.6678e+07 -1.0000e+07 -1.0000e+07 1.0000e+00 2.7940e-16 
2.2500e+00 -2.7500e-03 1.8648e-03 1.8648e-03 -2.7803e+07 -1.0000e+07 -1.0000e+07 1.0000e+00 0.0000e+00 
2.2750e+00 -2.8250e-03 1.8835e-03 1.8835e-03 -2.8928e+07 -1.0000e+07 -1.0000e+07 1.0000e+00 2.7940e-16 
2.3000e+00 -2.9000e-03 1.9023e-03 1.9023e-03 -3.0053e+07 -1.0000e+07 -1.0000e+07 1.0000e+00 0.0000e+00 
2.3250e+00 -2.9750e-03 1.9210e-03 1.9210e-03 -3.1178e+07 -1.0000e+07 -1.0000e+07 1.0000e+00 0.0000e+00 
2.3500e+00 -3.0500e-03 1.9398e-03 1.9398e-03 -3.2303e+07 -1.0000e+07 -1.0000e+07 1.0000e+00 0.0000e+00 
2.3750e+00 -3.1250e-03 1.9585e-03 1.9585e-03 -3.3428e+07 -1.0000e+07 -1.0000e+07 1.0000e+00 2.7940e-16 
2.4000e+00 -3.2000e-03 1.9773e-03 1.9773e-03 -3.4553e+07 -1.0000e+07 -1.0000e+07 1.0000e+00 0.0000e+00 
2.4250e+00 -3.2750e-03 1.9960e-03 1.9960e-03 -3.5678e+07 -1.0000e+07 -1.0000e+07 1.0000e+00 0.0000e+00 
2.4500e+00 -3.3500e-03 2.0148e-03 2.0148e-03 -3.6803e+07 -1.0000e+07 -1.0000e+07 1.0000e+00 2.7940e-16 
2.4750e+00 -3.4250e-03 2.0335e-03 2.0335e-03 -3.7928e+07 -1.0000e+07 -1.0000e+07 1.0000e+00 0.0000e+00 
2.5000e+00 -3.5000e-03 2.0523e-03 2.0523e-03 -3.9053e+07 -1.0000e+07 -1.0000e+07 1.0000e+00 0.0000e+00 
2.5250e+00 -3.5750e-03 2.0710e-03 2.0710e-03 -4.0178e+07 -1.0000e+07 -1.0000e+07 1.0000e+00 0.0000e+00 
2.5500e+00 -3.6500e-03 2.0898e-03 2.0898e-03 -4.1303e+07 -1.0000e+07 -1.0000e+07 1.0000e+00 2.7940e-16 
2.5750e+00 -3.7250e-03 2.1138e-03 2.1138e-03 -4.2325e+07 -1.0000e+07 -1.0000e+07 2.0000e+00 3.6322e-15 
2.6000e+00 -3.8000e-03 2.1454e-03 2.1454e-03 -4.3196e+07 -1.0000e+07 -1.0000e+07 2.0000e+00 4.4703e-15 
2.6250e+00 -3.8750e-03 2.1836e-03 2.1836e-03 -4.3939e+07 -1.0000e+07 -1.0000e+07 2.0000e+00 1.6764e-15 
2.6500e+00 -3.9500e-03 2.2273e-03 2.2273e-03 -4.4574e+07 -1.0000e+07 -1.0000e+07 2.0000e+00 1.0338e-14 
2.6750e+00 -4.0250e-03 2.2758e-03 2.2758e-03 -4.5116e+07 -1.0000e+07 -1.0000e+07 2.0000e+00 3.4086e-14 
2.7000e+00 -4.1000e-03 2.3282e-03 2.3282e-03 -4.5579e+07 -1.0000e+07 -1.0000e+07 2.0000e+00 6.8732e-14 
2.7250e+00 -4.1750e-03 2.3841e-03 2.3841e-03 -4.5975e+07 -1.0000e+07 -1.0000e+07 2.0000e+00 1.0924e-13 
2.7500e+00 -4.2500e-03 2.4429e-03 2.4429e-03 -4.6315e+07 -1.0000e+07 -1.0000e+07 2.0000e+00 1.4948e-13 
2.7750e+00 -4.3250e-03 2.5042e-03 2.5042e-03 -4.6605e+07 -1.0000e+07 -1.0000e+07 2.0000e+00 1.8356e-13 
2.8000e+00 -4.4000e-03 2.5675e-03 2.5675e-03 -4.6854e+07 -1.0000e+07 -1.0000e+07 2.0000e+00 2.0955e-13 
2.8250e+00 -4.4750e-03 2.6327e-03 2.6327e-03 -4.7068e+07 -1.0000e+07 -1.0000e+07 2.0000e+00 2.2659e-13 
2.8500e+00 -4.5500e-03 2.6995e-03 2.6995e-03 -4.7252e+07 -1.0000e+07 -1.0000e+07 2.0000e+00 2.3413e-13 
2.8750e+00 -4.6250e-03 2.7676e-03 2.7676e-03 -4.7410e+07 -1.0000e+07 -1.0000e+07 2.0000e+00 2.3413e-13 
2.9000e+00 -4.7000e-03 2.8368e-03 2.8368e-03 -4.7546e+07 -1.0000e+07 -1.0000e+07 2.0000e+00 2.2799e-13 
2.9250e+00 -4.7750e-03 2.9069e-03 2.9069e-03 -4.7663e+07 -1.0000e+07 -1.0000e+07 2.0000e+00 2.1821e-13 
2.9500e+00 -4.8500e-03 2.9779e-03 2.9779e-03 -4.7764e+07 -1.0000e+07 -1.0000e+07 2.0000e+00 2.0452e-13 
2.9750e+00 -4.9250e-03 3.0496e-03 3.0496e-03 -4.7852e+07 -1.0000e+07 -1.0000e+07 2.0000e+00 1.8943e-13 
3.0000e+00 -5.0000e-03 3.1219e-03 3.1219e-03 -4.7928e+07 -1.0000e+07 -1.0000e+07 2.0000e+00 1.7351e-13 
3.0250e+00 -4.9500e-03 3.1494e-03 3.1494e-03 -4.6395e+07 -1.0000e+07 -1.0000e+07 2.0000e+00 1.4249e-14 
3.0500e+00 -4.9000e-03 3.1652e-03 3.1652e-03 -4.5090e+07 -1.0000e+07 -1.0000e+07 1.0000e+00 3.7014e-07 
3.0750e+00 -4.8500e-03 3.1712e-03 3.1712e-03 -4.3978e+07 -1.0000e+07 -1.0000e+07 1.0000e+00 5.2447e-08 
3.1000e+00 -4.8000e-03 3.1688e-03 3.1688e-03 -4.3030e+07 -1.0000e+07 -1.0000e+07 1.0000e+00 8.5733e-09 
3.1250e+00 -4.7500e-03 3.1592e-03 3.1592e-03 -4.2223e+07 -1.0000e+07 -1.0000e+07 1.0000e+00 1.3543e-07 
3.1500e+00 -4.7000e-03 3.1467e-03 3.1467e-03 -4.1473e+07 -1.0000e+07 -1.0000e+07 2.0000e+00 0.0000e+00 
3.1750e+00 -4.6500e-03 3.1342e-03 3.1342e-03 -4.0723e+07 -1.0000e+07 -1.0000e+07 1.0000e+00 0.0000e+00 
3.2000e+00 -4.6000e-03 3.1217e-03 3.1217e-03 -3.9973e+07 -1.0000e+07 -1.0000e+07 1.0000e+00 0.0000e+00 
3.2250e+00 -4.5500e-03 3.1092e-03 3.1092e-03 -3.9223e+07 -1.0000e+07 -1.0000e+07 1.0000e+00 0.0000e+00 
3.2500e+00 -4.5000e-03 3.0967e-03 3.0967e-03 -3.8473e+07 -1.0000e+07 -1.0000e+07 1.0000e+00 0.0000e+00 
3.2750e+00 -4.4500e-03 3.0842e-03 3.0842e-03 -3.7723e+07 -1.0000e+07 -1.0000e+07 1.0000e+00 0.0000e+00 
3.3000e+00 -4.4000e-03 3.0717e-03 3.0717e-03 -3.6973e+07 -1.0000e+07 -1.0000e+07 1.0000e+00 0.0000e+00 
3.3250e+00 -4.3500e-03 3.0592e-03 3.0592e-03 -3.6223e+07 -1.0000e+07 -1.0000e+07 1.0000e+00 0.0000e+00 
3.3500e+00 -4.3000e-03 3.0467e-03 3.0467e-03 -3.5473e+07 -1.0000e+07 -1.0000e+07 1.0000e+00 0.0000e+00 
3.3750e+00 -4.2500e-03 3.0342e-03 3.0342e-03 -3.4723e+07 -1.0000e+07 -1.0000e+07 1.0000e+00 0.0000e+00 
3.4000e+00 -4.2000e-03 3.0217e-03 3.0217e-03 -3.3973e+07 -1.0000e+07 -1.0000e+07 1.0000e+00 0.0000e+00 
3.4250e+00 -4.1500e-03 3.0092e-03 3.0092e-03 -3.3223e+07 -1.0000e+07 -1.0000e+07 1.0000e+00 0.0000e+00 
3.4500e+00 -4.1000e-03 2.9967e-03 2.9967e-03 -3.2473e+07 -1.0000e+07 -1.0000e+07 1.0000e+00 0.0000e+00 
3.4750e+00 -4.0500e-03 2.9842e-03 2.9842e-03 -3.1723e+07 -1.0000e+07 -1.0000e+07 1.0000e+00 0.0000e+00 
3.5000e+00 -4.0000e-03 2.9717e-03 2.9717e-03 -3.0973e+07 -1.0000e+07 -1.0000e+07 1.0000e+00 0.0000e+00 
3.5250e+00 -3.9500e-03 2.9592e-03 2.9592e-03 -3.0223e+07 -1.0000e+07 -1.0000e+07 1.0000e+00 0.0000e+00 
3.5500e+00 -3.9000e-03 2.9467e-03 2.9467e-03 -2.9473e+07 -1.0000e+07 -1.0000e+07 1.0000e+00 0.0000e+00 
3.5750e+00 -3.8500e-03 2.9342e-03 2.9342e-03 -2.8723e+07 -1.0000e+07 -1.0000e+07 1.0000e+00 0.0000e+00 
3.6000e+00 -3.8000e-03 2.9217e-03 2.9217e-03 -2.7973e+07 -1.0000e+07 -1.0000e+07 1.0000e+00 0.0000e+00 
3.6250e+00 -3.7500e-03 2.9092e-03 2.9092e-03 -2.7223e+07 -1.0000e+07 -1.0000e+07 1.0000e+00 0.0000e+00 
3.6500e+00 -3.7000e-03 2.8967e-03 2.8967e-03 -2.6473e+07 -1.0000e+07 -1.0000e+07 1.0000e+00 0.0000e+00 
3.6750e+00 -3.6500e-03 2.8842e-03 2.8842e-03 -2.5723e+07 -1.0000e+07 -1.0000e+07 1.0000e+00 0.0000e+00 
3.7000e+00 -3.6000e-03 2.8717e-03 2.8717e-03 -2.4973e+07 -1.0000e+07 -1.0000e+07 1.0000e+00 0.0000e+00 
3.7250e+00 -3.5500e-03 2.8592e-03 2.8592e-03 -2.4223e+07 -1.0000e+07 -1.0000e+07 1.0000e+00 0.0000e+00 
3.7500e+00 -3.5000e-03 2.8467e-03 2.8467e-03 -2.3473e+07 -1.0000e+07 -1.0000e+07 1.0000e+00 0.0000e+00 
3.7750e+00 -3.4500e-03 2.8342e-03 2.8342e-03 -2.2723e+07 -1.0000e+07 -1.0000e+07 1.0000e+00 0.0000e+00 
3.8000e+00 -3.4000e-03 2.8217e-03 2.8217e-03 -2.1973e+07 -1.0000e+07 -1.0000e+07 1.0000e+00 0.0000e+00 
3.8250e+00 -3.3500e-03 2.8092e-03 2.8092e-03 -2.1223e+07 -1.0000e+07 -1.0000e+07 1.0000e+00 0.0000e+00 
3.8500e+00 -3.3000e-03 2.7967e-03 2.7967e-03 -2.0473e+07 -1.0000e+07 -1.0000e+07 1.0000e+00 0.0000e+00 
3.8750e+00 -3.2500e-03 2.7842e-03 2.7842e-03 -1.9723e+07 -1.0000e+07 -1.0000e+07 1.0000e+00 0.0000e+00 
3.9000e+00 -3.2000e-03 2.7717e-03 2.7717e-03 -1.8973e+07 -1.0000e+07 -1.0000e+07 1.0000e+00 0.0000e+00 
3.9250e+00 -3.1500e-03 2.7592e-03 2.7592e-03 -1.8223e+07 -1.0000e+07 -1.0000e+07 1.0000e+00 0.0000e+00 
3.9500e+00 -3.1000e-03 2.7467e-03 2.7467e-03 -1.7473e+07 -1.0000e+07 -1.0000e+07 1.0000e+00 0.0000e+00 
3.9750e+00 -3.0500e-03 2.7342e-03 2.7342e-03 -1.6723e+07 -1.0000e+07 -1.0000e+07 1.0000e+00 0.0000e+00 
4.0000e+00 -3.0000e-03 2.7217e-03 2.7217e-03 -1.5973e+07 -1.0000e+07 -1.0000e+07 1.0000e+00 0.0000e+00 
4.0250e+00 -3.0750e-03 2.7405e-03 2.7405e-03 -1.7098e+07 -1.0000e+07 -1.0000e+07 1.0000e+00 0.0000e+00 
4.0500e+00 -3.1500e-03 2.7592e-03 2.7592e-03 -1.8223e+07 -1.0000e+07 -1.0000e+07 1.0000e+00 0.0000e+00 
4.0750e+00 -3.2250e-03 2.7780e-03 2.7780e-03 -1.9348e+07 -1.0000e+07 -1.0000e+07 1.0000e+00 0.0000e+00 
4.1000e+00 -3.3000e-03 2.7967e-03 2.7967e-03 -2.0473e+07 -1.0000e+07 -1.0000e+07 1.0000e+00 0.0000e+00 
4.1250e+00 -3.3750e-03 2.8155e-03 2.8155e-03 -2.1598e+07 -1.0000e+07 -1.0000e+07 1.0000e+00 0.0000e+00 
4.1500e+00 -3.4500e-03 2.8342e-03 2.8342e-03 -2.2723e+07 -1.0000e+07 -1.0000e+07 1.0000e+00 0.0000e+00 
4.1750e+00 -3.5250e-03 2.8530e-03 2.8530e-03 -2.3848e+07 -1.0000e+07 -1.0000e+07 1.0000e+00 0.0000e+00 
4.2000e+00 -3.6000e-03 2.8717e-03 2.8717e-03 -2.4973e+07 -1.0000e+07 -1.0000e+07 1.0000e+00 0.0000e+00 
4.2250e+00 -3.6750e-03 2.8905e-03 2.8905e-03 -2.6098e+07 -1.0000e+07 -1.0000e+07 1.0000e+00 0.0000e+00 
4.2500e+00 -3.7500e-03 2.9092e-03 2.9092e-03 -2.7223e+07 -1.0000e+07 -1.0000e+07 1.0000e+00 0.0000e+00 
4.2750e+00 -3.8250e-03 2.9280e-03 2.9280e-03 -2.8348e+07 -1.0000e+07 -1.0000e+07 1.0000e+00 0.0000e+00 
4.3000e+00 -3.9000e-03 2.9467e-03 2.9467e-03 -2.9473e+07 -1.0000e+07 -1.0000e+07 1.0000e+00 0.0000e+00 
4.3250e+00 -3.9750e-03 2.9655e-03 2.9655e-03 -3.0598e+07 -1.0000e+07 -1.0000e+07 1.0000e+00 0.0000e+00 
4.3500e+00 -4.0500e-03 2.9842e-03 2.9842e-03 -3.1723e+07 -1.0000e+07 -1.0000e+07 1.0000e+00 0.0000e+00 
4.3750e+00 -4.1250e-03 3.0030e-03 3.0030e-03 -3.2848e+07 -1.0000e+07 -1.0000e+07 1.0000e+00 0.0000e+00 
4.4000e+00 -4.2000e-03 3.0217e-03 3.0217e-03 -3.3973e+07 -1.0000e+07 -1.0000e+07 1.0000e+00 0.0000e+00 
4.4250e+00 -4.2750e-03 3.0405e-03 3.0405e-03 -3.5098e+07 -1.0000e+07 -1.0000e+07 1.0000e+00 0.0000e+00 
4.4500e+00 -4.3500e-03 3.0592e-03 3.0592e-03 -3.6223e+07 -1.0000e+07 -1.0000e+07 1.0000e+00 0.0000e+00 
4.4750e+00 -4.4250e-03 3.0780e-03 3.0780e-03 -3.7348e+07 -1.0000e+07 -1.0000e+07 1.0000e+00 0.0000e+00 
4.5000e+00 -4.5000e-03 3.0967e-03 3.0967e-03 -3.8473e+07 -1.0000e+07 -1.0000e+07 1.0000e+00 0.0000e+00 
4.5250e+00 -4.5750e-03 3.1155e-03 3.1155e-03 -3.9598e+07 -1.0000e+07 -1.0000e+07 1.0000e+00 0.0000e+00 
4.5500e+00 -4.6500e-03 3.1342e-03 3.1342e-03 -4.0723e+07 -1.0000e+07 -1.0000e+07 1.0000e+00 0.0000e+00 
4.5750e+00 -4.7250e-03 3.1530e-03 3.1530e-03 -4.1848e+07 -1.0000e+07 -1.0000e+07 1.0000e+00 0.0000e+00 
4.6000e+00 -4.8000e-03 3.1799e-03 3.1799e-03 -4.2813e+07 -1.0000e+07 -1.0000e+07 2.0000e+00 2.7940e-16 
4.6250e+00 -4.8750e-03 3.2140e-03 3.2140e-03 -4.3636e+07 -1.0000e+07 -1.0000e+07 2.0000e+00 2.5146e-15 
4.6500e+00 -4.9500e-03 3.2544e-03 3.2544e-03 -4.4338e+07 -1.0000e+07 -1.0000e+07 2.0000e+00 6.7055e-15 
4.6750e+00 -5.0250e-03 3.3000e-03 3.3000e-03 -4.4936e+07 -1.0000e+07 -1.0000e+07 2.0000e+00 1.2573e-14 
4.7000e+00 -5.1000e-03 3.3502e-03 3.3502e-03 -4.5447e+07 -1.0000e+07 -1.0000e+07 2.0000e+00 1.8999e-14 
4.7250e+00 -5.1750e-03 3.4041e-03 3.4041e-03 -4.5882e+07 -1.0000e+07 -1.0000e+07 2.0000e+00 2.5146e-14 
4.7500e+00 -5.2500e-03 3.4613e-03 3.4613e-03 -4.6254e+07 -1.0000e+07 -1.0000e+07 2.0000e+00 3.0734e-14 
4.7750e+00 -5.3250e-03 3.5213e-03 3.5213e-03 -4.6572e+07 -1.0000e+07 -1.0000e+07 2.0000e+00 3.4645e-14 
4.8000e+00 -5.4000e-03 3.5837e-03 3.5837e-03 -4.6844e+07 -1.0000e+07 -1.0000e+07 2.0000e+00 3.8557e-14 
4.8250e+00 -5.4750e-03 3.6480e-03 3.6480e-03 -4.7076e+07 -1.0000e+07 -1.0000e+07 2.0000e+00 3.9954e-14 
4.8500e+00 -5.5500e-03 3.7141e-03 3.7141e-03 -4.7274e+07 -1.0000e+07 -1.0000e+07 2.0000e+00 4.0233e-14 
4.8750e+00 -5.6250e-03 3.7817e-03 3.7817e-03 -4.7444e+07 -1.0000e+07 -1.0000e+07 2.0000e+00 4.0233e-14 
4.9000e+00 -5.7000e-03 3.8505e-03 3.8505e-03 -4.7589e+07 -1.0000e+07 -1.0000e+07 2.0000e+00 3.9116e-14 
4.9250e+00 -5.7750e-03 3.9204e-03 3.9204e-03 -4.7714e+07 -1.0000e+07 -1.0000e+07 2.0000e+00 3.7719e-14 
4.9500e+00 -5.8500e-03 3.9911e-03 3.9911e-03 -4.7821e+07 -1.0000e+07 -1.0000e+07 2.0000e+00 3.5763e-14 
4.9750e+00 -5.9250e-03 4.0627e-03 4.0627e-03 -4.7912e+07 -1.0000e+07 -1.0000e+07 2.0000e+00 3.4086e-14 
5.0000e+00 -6.0000e-03 4.1349e-03 4.1349e-03 -4.7991e+07 -1.0000e+07 -1.0000e+07 2.0000e+00 3.1572e-14 
